att.com, 1, 104, 3, 0, 0, 0, 0, 1, 1, 0, 0, 2, 0, 1, 0, 2, 1, 0, 9, 34, 50, 0, 0, 0, 1, 0, 0, 0, 0, 1, 1, 0, 0, 0, 0, 0
clicks.att.com, 1, 146, 2, 0, 0, 0, 0, 1, 1, 0, 0, 4, 0, 2, 0, 3, 2, 0, 18, 10, 113, 0, 0, 1, 1, 0, 0, 0, 0, 1, 1, 0, 0, 0, 0, 0
clicks.att.com, 1, 141, 2, 0, 0, 0, 0, 1, 1, 0, 0, 4, 0, 2, 0, 3, 2, 0, 20, 10, 108, 0, 0, 1, 1, 0, 0, 0, 0, 1, 1, 0, 0, 0, 0, 0
track.axixbnkorg.com, 1, 185, 2, 0, 0, 1, 0, 1, 1, 0, 0, 5, 0, 1, 0, 2, 1, 0, 47, 15, 142, 1, 0, 1, 0, 0, 0, 0, 0, 1, 1, 0, 0, 0, 0, 0
americanas.com.br, 1, 152, 2, 0, 0, 0, 0, 0, 1, 0, 0, 2, 0, 0, 0, 3, 2, 0, 18, 22, 104, 0, 0, 0, 0, 0, 0, 1, 0, 1, 1, 0, 0, 0, 0, 0
credicorpcapital.com, 1, 33, 0, 0, 0, 0, 0, 1, 1, 0, 0, 2, 0, 0, 0, 1, 0, 0, 0, 1, 0, 0, 0, 0, 0, 0, 0, 0, 0, 1, 1, 0, 0, 0, 0, 0
veteransunited.com, 1, 30, 0, 0, 0, 0, 0, 1, 1, 0, 0, 2, 0, 0, 0, 1, 0, 0, 0, 0, 0, 0, 0, 0, 0, 0, 0, 0, 0, 1, 1, 0, 0, 0, 0, 0
youtube.com, 1, 43, 2, 0, 0, 0, 0, 1, 1, 0, 0, 2, 0, 0, 0, 1, 0, 0, 0, 20, 0, 0, 0, 0, 0, 0, 0, 0, 0, 1, 1, 0, 0, 0, 0, 0
bnpparibas.pl, 1, 26, 0, 0, 0, 0, 0, 1, 1, 0, 0, 2, 0, 0, 0, 1, 0, 0, 0, 1, 0, 0, 0, 0, 0, 0, 0, 0, 1, 1, 1, 0, 0, 0, 0, 0
profil.larepubliquedespyrenees.fr, 1, 75, 1, 0, 0, 0, 0, 1, 1, 0, 0, 2, 0, 0, 0, 1, 0, 0, 0, 7, 26, 1, 0, 0, 0, 0, 0, 0, 1, 1, 1, 0, 0, 0, 0, 0
flightdelta.com, 1, 24, 0, 0, 0, 0, 0, 0, 1, 0, 0, 1, 0, 0, 0, 1, 0, 0, 0, 1, 0, 0, 0, 0, 0, 0, 0, 0, 1, 1, 1, 0, 0, 0, 0, 0
Legalshield.com, 1, 23, 0, 0, 0, 0, 0, 0, 1, 0, 0, 1, 0, 0, 0, 1, 0, 0, 0, 0, 0, 0, 0, 0, 0, 0, 0, 0, 1, 1, 1, 0, 0, 0, 0, 0
gitlab.com, 1, 52, 5, 0, 0, 0, 0, 0, 1, 0, 0, 1, 0, 0, 0, 1, 0, 0, 6, 34, 0, 0, 0, 0, 0, 0, 0, 0, 0, 1, 1, 0, 0, 0, 0, 0
us.my.alibaba.com, 1, 330, 3, 0, 0, 1, 0, 1, 1, 0, 0, 4, 0, 20, 0, 9, 8, 0, 47, 46, 259, 0, 0, 0, 0, 0, 0, 0, 0, 1, 1, 0, 0, 0, 1, 0
weebly.com, 1, 23, 0, 0, 0, 0, 0, 1, 1, 0, 0, 2, 0, 0, 0, 1, 0, 0, 0, 1, 0, 0, 0, 0, 0, 0, 0, 0, 0, 1, 1, 0, 0, 0, 0, 0
weebly.com, 1, 22, 0, 0, 0, 1, 0, 1, 1, 0, 0, 2, 0, 0, 0, 1, 0, 0, 0, 1, 0, 0, 0, 0, 0, 0, 0, 0, 0, 1, 1, 0, 0, 0, 0, 0
mathway.com, 1, 38, 0, 0, 0, 0, 0, 1, 1, 0, 0, 2, 0, 0, 0, 1, 0, 0, 0, 1, 13, 0, 0, 0, 0, 0, 0, 0, 0, 1, 1, 0, 0, 0, 0, 0
sourcecrypt.com, 1, 24, 0, 0, 0, 0, 0, 0, 1, 0, 0, 1, 0, 0, 0, 1, 0, 0, 0, 1, 0, 0, 0, 0, 1, 0, 0, 0, 1, 1, 1, 1, 1, 1, 1, 0
track.axixbnkorg.com, 1, 185, 2, 0, 0, 1, 0, 1, 1, 0, 0, 5, 0, 1, 0, 2, 1, 0, 47, 15, 142, 1, 0, 1, 0, 0, 0, 0, 0, 1, 1, 0, 0, 0, 0, 0
app.uniswap.org, 1, 30, 0, 0, 0, 0, 0, 1, 1, 0, 0, 2, 0, 0, 0, 1, 0, 1, 0, 1, 0, 0, 0, 0, 0, 0, 0, 0, 0, 1, 1, 0, 0, 0, 0, 0
app.uniswap.org, 1, 29, 0, 0, 0, 1, 0, 1, 1, 0, 0, 2, 0, 0, 0, 1, 0, 1, 0, 1, 0, 0, 0, 0, 0, 0, 0, 0, 0, 1, 1, 0, 0, 0, 0, 0
nedbank.co.za, 1, 93, 8, 0, 0, 0, 0, 1, 1, 0, 0, 4, 0, 0, 0, 1, 0, 0, 0, 68, 0, 0, 0, 0, 0, 0, 0, 1, 1, 1, 1, 0, 0, 0, 0, 0
nedbank.co.za, 1, 83, 7, 0, 0, 0, 0, 1, 1, 0, 0, 4, 0, 0, 0, 1, 0, 0, 0, 58, 0, 0, 0, 0, 0, 0, 0, 1, 1, 1, 1, 0, 0, 0, 0, 0
entrust.net, 1, 73, 2, 0, 0, 0, 0, 1, 1, 0, 0, 6, 0, 0, 0, 1, 0, 0, 0, 21, 28, 1, 0, 0, 0, 0, 0, 0, 1, 1, 1, 0, 0, 0, 0, 0
nedbank.co.za, 1, 61, 4, 0, 0, 0, 0, 1, 1, 0, 0, 4, 0, 0, 0, 1, 0, 0, 0, 36, 0, 0, 0, 0, 0, 0, 0, 1, 1, 1, 1, 0, 0, 0, 0, 0
nedbank.co.za, 1, 136, 9, 0, 0, 0, 0, 1, 1, 0, 0, 4, 0, 0, 0, 1, 0, 0, 0, 111, 0, 0, 0, 0, 0, 0, 0, 1, 1, 1, 1, 0, 0, 0, 0, 0
templates.office.com, 1, 43, 2, 0, 0, 0, 0, 1, 1, 0, 0, 2, 0, 0, 0, 1, 0, 0, 0, 15, 0, 0, 0, 0, 0, 0, 0, 0, 0, 1, 1, 0, 0, 0, 0, 0
frazaoleiloes.com.br, 1, 44, 2, 0, 0, 0, 0, 1, 1, 0, 0, 3, 0, 0, 0, 1, 0, 0, 4, 12, 0, 0, 0, 0, 0, 0, 0, 1, 0, 1, 1, 0, 0, 0, 0, 0
clickgo545678.clickfunnels.com, 1, 57, 1, 0, 0, 0, 0, 1, 1, 0, 0, 2, 0, 0, 0, 1, 0, 0, 19, 19, 0, 0, 0, 0, 0, 0, 0, 0, 0, 1, 1, 0, 0, 0, 0, 0
americanas.com.br, 1, 156, 2, 0, 0, 0, 0, 1, 1, 0, 0, 3, 0, 1, 0, 3, 2, 0, 17, 22, 104, 0, 0, 0, 0, 0, 0, 1, 0, 1, 1, 0, 0, 0, 0, 0
americanas.com.br, 1, 156, 2, 0, 0, 0, 0, 1, 1, 0, 0, 3, 0, 0, 0, 3, 2, 0, 18, 22, 104, 0, 0, 0, 0, 0, 0, 1, 0, 1, 1, 0, 0, 0, 0, 0
americanas.com.br, 1, 156, 2, 0, 0, 0, 0, 1, 1, 0, 0, 3, 0, 1, 0, 3, 2, 0, 19, 22, 104, 0, 0, 0, 0, 0, 0, 1, 0, 1, 1, 0, 0, 0, 0, 0
tether-mixer.com, 1, 24, 0, 0, 0, 0, 0, 0, 1, 0, 0, 1, 1, 0, 0, 1, 0, 0, 0, 0, 0, 0, 0, 0, 0, 1, 1, 1, 1, 1, 1, 1, 1, 1, 1, 0
ajax.googleapis.com, 1, 64, 5, 0, 0, 0, 0, 1, 1, 0, 0, 6, 0, 0, 0, 1, 0, 0, 3, 37, 0, 0, 0, 0, 0, 0, 1, 1, 1, 1, 1, 0, 0, 0, 0, 0
bcbsok.com, 1, 22, 0, 0, 0, 1, 0, 1, 1, 0, 0, 2, 0, 0, 0, 1, 0, 0, 0, 1, 0, 0, 0, 0, 0, 0, 0, 0, 0, 1, 1, 0, 0, 0, 0, 0
app.uniswap.org, 1, 24, 0, 0, 0, 0, 0, 1, 1, 0, 0, 2, 0, 0, 0, 1, 0, 0, 0, 1, 0, 0, 0, 0, 0, 0, 0, 0, 0, 1, 1, 0, 0, 0, 0, 0
sg.legalshield.com, 1, 1444, 2, 0, 0, 1, 0, 1, 1, 0, 0, 2, 0, 1, 0, 1, 0, 0, 255, 9, 1409, 0, 0, 0, 0, 0, 0, 0, 1, 1, 1, 0, 0, 0, 0, 0
outlook.office.com, 1, 27, 0, 0, 0, 0, 0, 1, 1, 0, 0, 2, 0, 0, 0, 1, 0, 0, 0, 1, 0, 0, 0, 0, 0, 0, 0, 0, 0, 1, 1, 0, 0, 0, 0, 0
c-span.org, 1, 87, 1, 0, 0, 0, 0, 1, 1, 0, 0, 2, 1, 0, 0, 1, 0, 0, 7, 7, 57, 0, 0, 0, 0, 1, 0, 0, 0, 1, 1, 0, 0, 0, 0, 0
delivery.nsavalue, 1, 24, 0, 0, 0, 1, 0, 0, 0, 0, 0, 1, 0, 0, 0, 1, 0, 0, 0, 0, 0, 0, 0, 0, 0, 0, 0, 1, 1, 1, 1, 1, 1, 1, 1, 0
dropbox.progentrix.skyfencenet.com, 1, 189, 1, 0, 0, 0, 0, 1, 1, 0, 0, 3, 0, 1, 13, 1, 0, 0, 49, 9, 137, 0, 0, 0, 1, 0, 0, 0, 0, 1, 1, 1, 1, 1, 1, 0
dropbox.progentrix.skyfencenet.com, 1, 188, 1, 0, 0, 1, 0, 1, 1, 0, 0, 3, 0, 1, 13, 1, 0, 0, 49, 9, 137, 0, 0, 0, 1, 0, 0, 0, 0, 1, 1, 1, 1, 1, 1, 0
indianpassportseva.co.in, 1, 37, 0, 0, 0, 0, 0, 1, 1, 0, 0, 3, 0, 0, 0, 1, 0, 0, 0, 1, 0, 0, 0, 0, 0, 0, 0, 1, 1, 1, 1, 1, 1, 1, 1, 0
m2.caixabank.es, 1, 160, 2, 0, 0, 0, 0, 1, 1, 0, 0, 3, 0, 2, 0, 8, 7, 0, 12, 15, 121, 0, 0, 0, 0, 0, 0, 1, 1, 1, 1, 0, 0, 0, 0, 0
accounts.google.com, 1, 225, 1, 0, 0, 0, 0, 1, 1, 0, 0, 4, 0, 0, 6, 7, 6, 0, 16, 13, 184, 1, 0, 1, 0, 0, 0, 0, 0, 1, 1, 0, 0, 0, 0, 0
mail.google.com, 1, 77, 5, 0, 0, 0, 0, 1, 1, 0, 0, 2, 0, 0, 0, 4, 3, 0, 5, 25, 28, 0, 0, 0, 0, 0, 0, 0, 0, 1, 1, 0, 0, 0, 0, 0
zen-aura.com, 1, 28, 2, 0, 0, 0, 0, 0, 1, 0, 0, 1, 1, 0, 0, 1, 0, 0, 3, 8, 0, 0, 0, 0, 0, 1, 0, 0, 0, 1, 1, 0, 0, 0, 0, 0
au.beakon.io, 1, 60, 2, 0, 0, 0, 0, 1, 1, 0, 0, 3, 0, 0, 0, 2, 1, 0, 0, 14, 25, 0, 0, 0, 0, 0, 0, 0, 0, 1, 1, 0, 0, 0, 0, 0
au.beakon.io, 1, 107, 2, 0, 0, 0, 0, 1, 1, 0, 0, 3, 0, 3, 0, 4, 3, 0, 0, 14, 72, 1, 0, 0, 0, 0, 0, 0, 0, 1, 1, 0, 0, 0, 0, 0
google.com, 1, 220, 1, 0, 0, 0, 0, 1, 1, 0, 0, 4, 0, 0, 5, 11, 10, 0, 13, 4, 193, 1, 0, 0, 1, 0, 0, 0, 0, 1, 1, 0, 0, 0, 0, 0
portofguam.com, 1, 27, 0, 0, 0, 0, 0, 1, 1, 0, 0, 2, 0, 0, 0, 1, 0, 0, 0, 1, 0, 0, 0, 0, 0, 0, 0, 0, 1, 1, 1, 0, 0, 0, 0, 0
portguam.com, 1, 23, 0, 0, 0, 1, 0, 1, 1, 0, 0, 2, 0, 0, 0, 1, 0, 0, 0, 0, 0, 0, 0, 0, 0, 0, 0, 0, 0, 1, 1, 1, 1, 1, 1, 0
Legalshield.com, 1, 32, 1, 0, 0, 0, 0, 0, 1, 0, 0, 1, 0, 0, 0, 1, 0, 0, 0, 9, 0, 0, 0, 0, 0, 0, 0, 0, 1, 1, 1, 0, 0, 0, 0, 0
youtube.com, 1, 55, 2, 0, 0, 0, 0, 1, 1, 0, 0, 2, 0, 0, 0, 2, 1, 0, 3, 18, 13, 0, 0, 0, 0, 0, 0, 0, 0, 1, 1, 0, 0, 0, 0, 0
att.com, 1, 122, 2, 0, 0, 0, 0, 1, 1, 0, 0, 3, 0, 3, 0, 3, 2, 0, 4, 29, 73, 1, 0, 0, 1, 0, 0, 0, 0, 1, 1, 0, 0, 0, 0, 0
clicks.att.com, 1, 184, 2, 0, 0, 0, 0, 1, 1, 0, 0, 5, 0, 4, 0, 4, 3, 0, 14, 10, 151, 1, 0, 1, 1, 0, 0, 0, 0, 1, 1, 0, 0, 0, 0, 0
att.com, 1, 79, 1, 0, 0, 0, 0, 1, 1, 0, 0, 2, 0, 1, 0, 2, 1, 0, 11, 9, 50, 0, 0, 0, 1, 0, 0, 0, 0, 1, 1, 0, 0, 0, 0, 0
clicks.att.com, 1, 142, 2, 0, 0, 0, 0, 1, 1, 0, 0, 4, 0, 2, 0, 3, 2, 0, 21, 10, 109, 0, 0, 1, 1, 0, 0, 0, 0, 1, 1, 0, 0, 0, 0, 0
rsvoid.com, 1, 23, 0, 0, 0, 0, 0, 1, 1, 0, 0, 2, 0, 0, 0, 1, 0, 0, 0, 1, 0, 0, 0, 0, 0, 0, 0, 0, 0, 1, 1, 1, 1, 1, 1, 0
security.intuit.com, 1, 101, 3, 0, 0, 0, 0, 1, 1, 0, 0, 3, 0, 0, 0, 1, 0, 0, 0, 74, 0, 0, 0, 0, 1, 0, 0, 0, 0, 1, 1, 0, 0, 0, 0, 0
security.intuit.com, 1, 36, 1, 0, 0, 0, 0, 1, 1, 0, 0, 2, 0, 0, 0, 1, 0, 0, 0, 9, 0, 0, 0, 0, 1, 0, 0, 0, 0, 1, 1, 0, 0, 0, 0, 0
suncorp.com.au, 1, 27, 0, 0, 0, 0, 0, 1, 1, 0, 0, 3, 0, 0, 0, 1, 0, 0, 0, 1, 0, 0, 0, 0, 0, 0, 0, 1, 1, 1, 1, 0, 0, 0, 0, 0
suncorp.com.au, 1, 22, 0, 0, 0, 1, 0, 0, 1, 0, 0, 2, 0, 0, 0, 1, 0, 0, 0, 1, 0, 0, 0, 0, 0, 0, 0, 1, 1, 1, 1, 0, 0, 0, 0, 0
mediafire.com, 1, 71, 4, 0, 0, 1, 0, 1, 1, 0, 0, 3, 0, 0, 0, 1, 0, 0, 9, 47, 0, 0, 0, 0, 0, 0, 0, 0, 0, 1, 1, 0, 0, 0, 0, 0
cashpassport.com.au, 1, 46, 2, 0, 0, 0, 0, 1, 1, 0, 0, 3, 0, 0, 0, 1, 0, 0, 0, 15, 0, 0, 0, 0, 1, 0, 0, 1, 1, 1, 1, 0, 0, 0, 0, 0
track.axixbnkorg.com, 1, 100, 4, 0, 0, 1, 0, 1, 1, 0, 0, 2, 0, 1, 0, 1, 0, 0, 30, 73, 0, 0, 0, 0, 0, 0, 0, 0, 0, 1, 1, 0, 0, 0, 0, 0
myqatar.com, 1, 20, 0, 0, 0, 0, 0, 0, 1, 0, 0, 1, 0, 0, 0, 1, 0, 0, 0, 1, 0, 0, 0, 0, 0, 0, 0, 0, 0, 1, 1, 0, 0, 0, 0, 0
myqatar.com, 1, 19, 0, 0, 0, 1, 0, 0, 1, 0, 0, 1, 0, 0, 0, 1, 0, 0, 0, 1, 0, 0, 0, 0, 0, 0, 0, 0, 0, 1, 1, 0, 0, 0, 0, 0
google.com, 1, 499, 1, 0, 0, 0, 0, 1, 1, 0, 0, 7, 0, 13, 25, 4, 3, 0, 163, 4, 472, 0, 0, 1, 0, 0, 0, 0, 0, 1, 1, 0, 0, 0, 0, 0
cpointmail.com, 1, 107, 1, 0, 0, 0, 0, 1, 1, 0, 0, 4, 0, 0, 1, 6, 5, 0, 18, 13, 67, 0, 0, 0, 0, 0, 0, 0, 0, 1, 1, 1, 1, 1, 1, 0
cpointmail.com, 1, 112, 1, 0, 0, 0, 0, 1, 1, 0, 0, 4, 0, 0, 1, 6, 5, 0, 18, 13, 72, 0, 0, 0, 0, 0, 0, 0, 0, 1, 1, 1, 1, 1, 1, 0
indoschottle.com, 1, 28, 0, 0, 0, 1, 0, 1, 1, 0, 0, 2, 0, 0, 0, 1, 0, 0, 0, 1, 0, 0, 0, 0, 0, 0, 0, 0, 1, 1, 1, 0, 0, 0, 0, 0
rybbon26083.activehosted.com, 1, 107, 1, 0, 0, 0, 0, 1, 1, 0, 0, 3, 0, 0, 0, 5, 4, 0, 30, 9, 61, 0, 0, 0, 0, 0, 0, 0, 1, 1, 1, 0, 0, 0, 0, 0
rybbon26083.acemlnc.com, 1, 102, 1, 0, 0, 0, 0, 1, 1, 0, 0, 3, 0, 0, 0, 5, 4, 0, 30, 9, 61, 0, 0, 0, 0, 0, 0, 0, 1, 1, 1, 0, 0, 0, 0, 0
tinyurl.com, 1, 27, 1, 0, 0, 1, 0, 0, 1, 0, 0, 1, 0, 0, 0, 1, 0, 0, 0, 9, 0, 0, 0, 0, 1, 0, 0, 0, 0, 1, 1, 0, 0, 0, 0, 0
mail.harmonmedical.net, 1, 29, 0, 0, 0, 1, 0, 1, 1, 0, 0, 2, 0, 0, 0, 1, 0, 0, 0, 0, 0, 0, 0, 0, 0, 0, 0, 0, 0, 1, 1, 0, 0, 0, 0, 0
qabank.in, 1, 31, 2, 0, 0, 1, 0, 0, 1, 0, 0, 1, 0, 0, 0, 1, 0, 0, 0, 15, 0, 1, 0, 0, 0, 0, 0, 1, 1, 1, 1, 0, 0, 0, 0, 0
bankofinfo.com, 1, 39, 2, 0, 0, 1, 0, 0, 1, 0, 0, 1, 0, 0, 0, 1, 0, 0, 0, 18, 0, 1, 0, 0, 0, 0, 0, 0, 0, 1, 1, 0, 0, 0, 0, 0
fonts.googleapis.com, 1, 46, 1, 0, 0, 0, 0, 1, 1, 0, 0, 2, 0, 0, 0, 1, 0, 0, 0, 4, 13, 0, 0, 0, 0, 0, 1, 1, 1, 1, 1, 0, 0, 0, 0, 0
google.com, 1, 207, 1, 0, 0, 0, 0, 1, 1, 0, 0, 4, 0, 1, 0, 6, 5, 0, 51, 4, 180, 0, 0, 1, 1, 0, 0, 0, 0, 1, 1, 0, 0, 0, 0, 0
cixxfive.com, 1, 21, 0, 0, 0, 0, 0, 0, 1, 0, 0, 1, 0, 0, 0, 1, 0, 0, 0, 1, 0, 0, 0, 0, 0, 0, 0, 0, 0, 1, 1, 0, 0, 0, 0, 0
u9058874.ct.sendgrid.net, 1, 363, 2, 0, 0, 0, 0, 1, 1, 0, 0, 3, 0, 1, 0, 1, 0, 0, 57, 9, 321, 0, 0, 0, 0, 0, 0, 0, 0, 1, 1, 0, 0, 0, 0, 0
marketing.cixxfive.com, 1, 64, 3, 0, 0, 0, 0, 1, 1, 0, 0, 2, 0, 0, 0, 1, 0, 0, 20, 34, 0, 0, 0, 0, 0, 0, 0, 0, 0, 1, 1, 1, 1, 1, 1, 0
conta-corrente.com, 1, 76, 3, 0, 0, 0, 0, 1, 1, 0, 0, 2, 1, 0, 0, 1, 0, 0, 0, 46, 0, 0, 0, 0, 0, 1, 0, 0, 0, 1, 1, 0, 0, 0, 0, 0
conta-corrente.com, 1, 75, 3, 0, 0, 1, 0, 1, 1, 0, 0, 2, 1, 0, 0, 1, 0, 0, 0, 46, 0, 0, 0, 0, 0, 1, 0, 0, 0, 1, 1, 0, 0, 0, 0, 0
cn.aliyun.com, 1, 27, 1, 0, 0, 0, 0, 1, 1, 0, 0, 2, 0, 0, 0, 1, 0, 0, 0, 6, 0, 0, 0, 0, 0, 0, 0, 0, 0, 1, 1, 0, 0, 0, 0, 0
alibabacloud.com, 1, 27, 0, 0, 0, 1, 0, 1, 1, 0, 0, 2, 0, 0, 0, 1, 0, 0, 0, 0, 0, 0, 0, 0, 0, 0, 0, 0, 0, 1, 1, 0, 0, 0, 0, 0
block.fiverr.com, 1, 231, 1, 0, 0, 0, 0, 1, 1, 0, 0, 3, 0, 0, 0, 3, 2, 0, 41, 11, 195, 0, 0, 0, 0, 0, 0, 0, 0, 1, 1, 0, 0, 0, 0, 0
fiverr.com, 1, 107, 2, 0, 0, 0, 0, 1, 1, 0, 0, 2, 0, 0, 0, 1, 0, 0, 7, 85, 0, 0, 0, 0, 0, 0, 0, 0, 0, 1, 1, 0, 0, 0, 0, 0
syook.com, 1, 18, 0, 0, 0, 0, 0, 0, 1, 0, 0, 1, 0, 0, 0, 1, 0, 0, 0, 1, 0, 0, 0, 0, 0, 0, 0, 0, 1, 1, 1, 0, 0, 0, 0, 0
rakuten.co.jp, 1, 66, 0, 0, 0, 0, 0, 1, 1, 0, 0, 3, 0, 6, 0, 1, 0, 0, 14, 1, 39, 0, 0, 0, 0, 0, 0, 1, 1, 1, 1, 1, 1, 1, 1, 0
r.rakuten.co.jp, 1, 48, 1, 0, 0, 0, 0, 1, 1, 0, 0, 3, 0, 0, 0, 1, 0, 0, 6, 25, 0, 0, 0, 0, 0, 0, 0, 1, 1, 1, 1, 1, 1, 1, 1, 0
hci.stanford.edu, 1, 33, 1, 0, 0, 0, 0, 1, 1, 0, 0, 2, 0, 0, 0, 1, 0, 0, 0, 9, 0, 0, 0, 0, 0, 0, 0, 1, 1, 1, 1, 0, 0, 0, 0, 0
csis.dk, 1, 33, 1, 0, 0, 0, 0, 1, 1, 0, 0, 2, 0, 0, 0, 1, 0, 0, 0, 14, 0, 0, 0, 0, 0, 0, 0, 0, 0, 1, 1, 0, 0, 0, 0, 0
infosecurity-magazine.com, 1, 79, 2, 0, 0, 0, 0, 1, 1, 0, 0, 2, 1, 0, 0, 1, 0, 0, 0, 42, 0, 0, 0, 0, 0, 1, 0, 0, 0, 1, 1, 0, 0, 0, 0, 0
naruto.oasgames.com, 1, 41, 2, 0, 0, 0, 0, 1, 1, 0, 0, 2, 0, 0, 0, 1, 0, 0, 0, 14, 0, 0, 0, 0, 0, 0, 0, 0, 0, 1, 1, 0, 0, 0, 0, 0
corp.rakuten.co.jp, 1, 35, 1, 0, 0, 0, 0, 1, 1, 0, 0, 3, 0, 0, 0, 1, 0, 0, 0, 9, 0, 0, 0, 0, 0, 0, 0, 1, 1, 1, 1, 0, 0, 0, 0, 0
avast.com, 1, 119, 2, 0, 0, 0, 0, 1, 1, 0, 0, 2, 0, 4, 0, 3, 2, 0, 0, 23, 74, 0, 0, 0, 1, 0, 0, 0, 0, 1, 1, 0, 0, 0, 0, 0
avast.com, 1, 106, 1, 0, 0, 0, 0, 1, 1, 0, 0, 2, 0, 4, 0, 3, 2, 0, 0, 10, 74, 0, 0, 0, 1, 0, 0, 0, 0, 1, 1, 0, 0, 0, 0, 0
avast.com, 1, 121, 2, 0, 0, 0, 0, 1, 1, 0, 0, 2, 0, 4, 0, 5, 4, 0, 0, 23, 76, 0, 0, 0, 1, 0, 0, 0, 0, 1, 1, 0, 0, 0, 0, 0
avast.com, 1, 108, 1, 0, 0, 0, 0, 1, 1, 0, 0, 2, 0, 4, 0, 5, 4, 0, 0, 10, 76, 0, 0, 0, 1, 0, 0, 0, 0, 1, 1, 0, 0, 0, 0, 0
avast.com, 1, 119, 2, 0, 0, 0, 0, 1, 1, 0, 0, 2, 0, 4, 0, 3, 2, 0, 0, 23, 74, 0, 0, 0, 1, 0, 0, 0, 0, 1, 1, 0, 0, 0, 0, 0
avast.com, 1, 106, 1, 0, 0, 0, 0, 1, 1, 0, 0, 2, 0, 4, 0, 3, 2, 0, 0, 10, 74, 0, 0, 0, 1, 0, 0, 0, 0, 1, 1, 0, 0, 0, 0, 0
avast.com, 1, 121, 2, 0, 0, 0, 0, 1, 1, 0, 0, 2, 0, 4, 0, 5, 4, 0, 0, 23, 76, 0, 0, 0, 1, 0, 0, 0, 0, 1, 1, 0, 0, 0, 0, 0
avast.com, 1, 108, 1, 0, 0, 0, 0, 1, 1, 0, 0, 2, 0, 4, 0, 5, 4, 0, 0, 10, 76, 0, 0, 0, 1, 0, 0, 0, 0, 1, 1, 0, 0, 0, 0, 0
fonts.googleapis.com, 1, 72, 1, 0, 0, 0, 0, 1, 1, 0, 0, 2, 0, 0, 0, 2, 1, 0, 9, 4, 39, 0, 0, 0, 0, 0, 1, 1, 1, 1, 1, 0, 0, 0, 0, 0
ovh.co.uk, 1, 22, 0, 0, 0, 0, 0, 1, 1, 0, 0, 3, 0, 0, 0, 1, 0, 0, 0, 1, 0, 0, 0, 0, 0, 0, 0, 0, 0, 1, 1, 0, 0, 0, 0, 0
careersportal.co.za, 1, 112, 4, 0, 0, 0, 0, 1, 1, 0, 0, 3, 0, 0, 0, 1, 0, 0, 0, 81, 0, 0, 0, 0, 0, 0, 0, 1, 1, 1, 1, 0, 0, 0, 0, 0
play.google.com, 1, 42, 2, 0, 0, 0, 0, 1, 1, 0, 0, 2, 0, 0, 0, 1, 0, 0, 0, 13, 5, 0, 0, 0, 0, 0, 0, 0, 0, 1, 1, 0, 0, 0, 0, 0
passport.yandex.com, 1, 516, 1, 0, 0, 0, 0, 1, 1, 0, 0, 11, 0, 4, 33, 4, 3, 0, 138, 5, 483, 0, 0, 0, 1, 0, 0, 0, 0, 1, 1, 0, 0, 0, 0, 0
mail.yandex.com, 1, 219, 1, 0, 0, 0, 0, 1, 1, 0, 0, 5, 0, 0, 0, 6, 5, 0, 55, 7, 188, 0, 0, 0, 1, 0, 0, 0, 0, 1, 1, 0, 0, 0, 0, 0
track.axixbnkorg.com, 1, 185, 2, 0, 0, 1, 0, 1, 1, 0, 0, 5, 0, 1, 0, 2, 1, 0, 43, 15, 142, 1, 0, 1, 0, 0, 0, 0, 0, 1, 1, 0, 0, 0, 0, 0
fonts.googleapis.com, 1, 140, 1, 0, 0, 0, 0, 1, 1, 0, 0, 2, 0, 0, 0, 1, 0, 0, 0, 4, 107, 0, 0, 0, 0, 0, 1, 1, 1, 1, 1, 0, 0, 0, 0, 0
post.pinterest.com, 1, 744, 5, 0, 1, 0, 0, 1, 1, 0, 0, 4, 0, 10, 38, 1, 0, 0, 227, 115, 602, 2, 0, 0, 1, 0, 0, 0, 1, 1, 1, 0, 0, 0, 1, 0
post.pinterest.com, 1, 744, 5, 0, 1, 0, 0, 1, 1, 0, 0, 4, 0, 9, 38, 1, 0, 0, 228, 115, 602, 2, 0, 0, 1, 0, 0, 0, 1, 1, 1, 0, 0, 0, 1, 0
post.pinterest.com, 1, 744, 5, 0, 1, 0, 0, 1, 1, 0, 0, 4, 0, 9, 38, 1, 0, 0, 231, 115, 602, 2, 0, 0, 1, 0, 0, 0, 1, 1, 1, 0, 0, 0, 1, 0
post.pinterest.com, 1, 745, 5, 0, 1, 0, 0, 1, 1, 0, 0, 4, 0, 9, 38, 1, 0, 0, 230, 115, 603, 2, 0, 0, 1, 0, 0, 0, 1, 1, 1, 0, 0, 0, 1, 0
tools.freenet.de, 1, 132, 5, 0, 0, 1, 0, 1, 1, 0, 0, 3, 0, 5, 0, 1, 0, 1, 8, 72, 0, 0, 0, 0, 0, 0, 0, 1, 1, 1, 1, 1, 1, 1, 1, 0
post.pinterest.com, 1, 728, 5, 0, 1, 0, 0, 1, 1, 0, 0, 4, 0, 7, 38, 1, 0, 0, 198, 115, 586, 2, 0, 0, 1, 0, 0, 0, 1, 1, 1, 0, 0, 0, 1, 0
passport.yandex.com, 1, 599, 1, 0, 0, 0, 0, 1, 1, 0, 0, 11, 0, 4, 33, 4, 3, 0, 149, 5, 566, 0, 0, 0, 1, 0, 0, 0, 0, 1, 1, 0, 0, 0, 0, 0
mail.yandex.com, 1, 302, 1, 0, 0, 0, 0, 1, 1, 0, 0, 5, 0, 0, 0, 6, 5, 0, 66, 7, 271, 0, 0, 0, 1, 0, 0, 0, 0, 1, 1, 0, 0, 0, 0, 0
lnkd.in, 1, 23, 1, 0, 0, 0, 0, 0, 1, 0, 0, 1, 0, 0, 0, 1, 0, 0, 0, 8, 0, 0, 0, 0, 1, 0, 0, 1, 1, 1, 1, 0, 0, 0, 0, 0
v.angelcam.com, 1, 23, 0, 0, 0, 0, 0, 1, 1, 0, 0, 2, 0, 0, 0, 1, 0, 0, 0, 1, 0, 0, 0, 0, 0, 0, 0, 0, 1, 1, 1, 0, 0, 0, 0, 0
idshield.com, 1, 23, 0, 0, 0, 1, 0, 1, 1, 0, 0, 2, 0, 0, 0, 1, 0, 0, 0, 0, 0, 0, 0, 0, 0, 0, 0, 0, 0, 1, 1, 0, 0, 0, 0, 0
istmconference.org, 1, 30, 0, 0, 0, 1, 0, 1, 1, 0, 0, 2, 0, 0, 0, 1, 0, 0, 0, 1, 0, 0, 0, 0, 0, 0, 0, 0, 1, 1, 1, 0, 0, 0, 0, 0
post.pinterest.com, 1, 209, 5, 0, 1, 0, 0, 1, 1, 0, 0, 4, 0, 5, 8, 1, 0, 0, 18, 115, 67, 0, 0, 0, 1, 0, 0, 0, 1, 1, 1, 0, 0, 0, 1, 0
post.pinterest.com, 1, 345, 5, 0, 1, 0, 0, 1, 1, 0, 0, 4, 0, 8, 16, 1, 0, 0, 79, 115, 203, 0, 0, 0, 1, 0, 0, 0, 1, 1, 1, 0, 0, 0, 0, 0
post.pinterest.com, 1, 892, 5, 0, 1, 0, 0, 1, 1, 0, 0, 4, 0, 9, 35, 1, 0, 0, 191, 115, 750, 0, 0, 0, 1, 0, 0, 0, 1, 1, 1, 0, 0, 0, 0, 0
post.pinterest.com, 1, 737, 5, 0, 1, 0, 0, 1, 1, 0, 0, 4, 0, 10, 41, 1, 0, 0, 202, 115, 595, 2, 0, 0, 1, 0, 0, 0, 1, 1, 1, 0, 0, 0, 1, 0
google.com, 1, 29, 0, 0, 0, 0, 0, 1, 1, 0, 0, 2, 0, 0, 0, 1, 0, 0, 5, 1, 5, 0, 0, 0, 0, 0, 0, 0, 0, 1, 1, 0, 0, 0, 0, 0
navyfederal.org, 1, 64, 2, 0, 0, 0, 0, 1, 1, 0, 0, 3, 0, 0, 0, 1, 0, 0, 1, 23, 13, 0, 0, 0, 0, 0, 0, 0, 0, 1, 1, 0, 0, 0, 0, 0
navyfederal.org, 1, 40, 1, 0, 0, 0, 0, 1, 1, 0, 0, 3, 0, 0, 0, 1, 0, 0, 0, 13, 0, 0, 0, 0, 0, 0, 0, 0, 0, 1, 1, 0, 0, 0, 0, 0
lnkd.in, 1, 33, 1, 0, 0, 0, 0, 0, 1, 0, 0, 1, 0, 0, 0, 1, 0, 0, 0, 18, 0, 0, 0, 0, 1, 0, 0, 1, 1, 1, 1, 0, 0, 0, 0, 0
nam.unitregistry.com.au, 1, 69, 5, 0, 0, 0, 0, 1, 1, 0, 0, 4, 0, 0, 0, 1, 0, 0, 1, 38, 0, 1, 0, 0, 0, 0, 0, 1, 1, 1, 1, 0, 0, 0, 0, 0
post.pinterest.com, 1, 732, 5, 0, 1, 0, 0, 1, 1, 0, 0, 4, 0, 10, 34, 1, 0, 0, 230, 115, 590, 2, 0, 0, 1, 0, 0, 0, 1, 1, 1, 0, 0, 0, 1, 0
vimeo.com, 1, 18, 0, 0, 0, 0, 0, 0, 1, 0, 0, 1, 0, 0, 0, 1, 0, 0, 0, 1, 0, 0, 0, 0, 0, 0, 0, 0, 0, 1, 1, 0, 0, 0, 0, 0
links.click.retire2.wf.com, 1, 114, 1, 0, 0, 1, 0, 1, 1, 0, 0, 4, 0, 0, 0, 7, 6, 0, 14, 4, 76, 0, 0, 0, 0, 0, 0, 0, 0, 1, 1, 1, 1, 1, 1, 0
s3.amazonaws.com, 1, 61, 2, 0, 0, 0, 0, 1, 1, 0, 0, 3, 0, 1, 0, 1, 0, 0, 1, 37, 0, 0, 0, 0, 0, 0, 0, 0, 0, 1, 1, 0, 0, 0, 0, 0
links.click.retire2.wf.com, 1, 114, 1, 0, 0, 1, 0, 1, 1, 0, 0, 4, 0, 0, 0, 7, 6, 0, 14, 4, 76, 0, 0, 0, 0, 0, 0, 0, 0, 1, 1, 1, 1, 1, 1, 0
post.pinterest.com, 1, 726, 5, 0, 1, 0, 0, 1, 1, 0, 0, 4, 0, 9, 36, 1, 0, 0, 221, 115, 584, 2, 0, 0, 1, 0, 0, 0, 1, 1, 1, 0, 0, 0, 1, 0
post.pinterest.com, 1, 335, 5, 0, 1, 0, 0, 1, 1, 0, 0, 4, 0, 6, 16, 1, 0, 0, 76, 115, 193, 0, 0, 0, 1, 0, 0, 0, 1, 1, 1, 0, 0, 0, 0, 0
post.pinterest.com, 1, 340, 5, 0, 1, 0, 0, 1, 1, 0, 0, 4, 0, 7, 16, 1, 0, 0, 75, 115, 198, 0, 0, 0, 1, 0, 0, 0, 1, 1, 1, 0, 0, 0, 0, 0
post.pinterest.com, 1, 726, 5, 0, 1, 0, 0, 1, 1, 0, 0, 4, 0, 9, 36, 1, 0, 0, 222, 115, 584, 2, 0, 0, 1, 0, 0, 0, 1, 1, 1, 0, 0, 0, 1, 0
post.pinterest.com, 1, 902, 5, 0, 1, 0, 0, 1, 1, 0, 0, 4, 0, 7, 35, 1, 0, 0, 205, 115, 760, 0, 0, 0, 1, 0, 0, 0, 1, 1, 1, 0, 0, 0, 0, 0
post.pinterest.com, 1, 726, 5, 0, 1, 0, 0, 1, 1, 0, 0, 4, 0, 9, 36, 1, 0, 0, 223, 115, 584, 2, 0, 0, 1, 0, 0, 0, 1, 1, 1, 0, 0, 0, 1, 0
post.pinterest.com, 1, 703, 5, 0, 1, 0, 0, 1, 1, 0, 0, 4, 0, 7, 35, 1, 0, 0, 202, 115, 561, 2, 0, 0, 1, 0, 0, 0, 1, 1, 1, 0, 0, 0, 1, 0
post.pinterest.com, 1, 712, 5, 0, 1, 0, 0, 1, 1, 0, 0, 4, 0, 7, 35, 1, 0, 0, 195, 115, 570, 2, 0, 0, 1, 0, 0, 0, 1, 1, 1, 0, 0, 0, 1, 0
accounting.sageone.my, 1, 50, 2, 0, 0, 0, 0, 1, 1, 0, 0, 3, 0, 0, 0, 1, 0, 0, 0, 21, 0, 1, 0, 0, 0, 0, 0, 1, 1, 1, 1, 0, 0, 0, 0, 0
accounting.sageone.my, 1, 28, 0, 0, 0, 1, 0, 1, 1, 0, 0, 2, 0, 0, 0, 1, 0, 0, 0, 0, 0, 1, 0, 0, 0, 0, 0, 1, 1, 1, 1, 0, 0, 0, 0, 0
venmoawards.com, 1, 52, 3, 0, 0, 0, 0, 0, 1, 0, 0, 3, 0, 0, 0, 1, 0, 0, 0, 29, 0, 0, 0, 0, 0, 0, 1, 1, 1, 1, 1, 1, 1, 1, 1, 0
sg.legalshield.com, 1, 1408, 2, 0, 0, 1, 0, 1, 1, 0, 0, 2, 0, 21, 0, 2, 1, 0, 229, 17, 1365, 0, 0, 0, 0, 0, 0, 0, 1, 1, 1, 0, 0, 0, 0, 0
app.getresponse.com, 1, 75, 1, 0, 0, 0, 0, 1, 1, 0, 0, 3, 0, 0, 0, 5, 4, 0, 7, 14, 33, 0, 0, 0, 0, 0, 0, 0, 0, 1, 1, 0, 0, 0, 1, 0
bay.life, 1, 21, 0, 0, 0, 0, 0, 1, 1, 0, 0, 2, 0, 0, 0, 1, 0, 0, 0, 1, 0, 0, 0, 0, 0, 0, 0, 1, 1, 1, 1, 0, 0, 0, 0, 0
onecred.pw, 1, 18, 0, 0, 0, 0, 0, 0, 1, 0, 0, 1, 0, 0, 0, 1, 0, 0, 0, 0, 0, 0, 0, 0, 0, 0, 0, 0, 1, 1, 1, 0, 0, 0, 0, 0
delta.virtualbyvario.com, 1, 32, 0, 0, 0, 0, 0, 1, 1, 0, 0, 2, 0, 0, 0, 1, 0, 0, 0, 0, 0, 0, 0, 0, 0, 0, 0, 0, 1, 1, 1, 0, 0, 0, 0, 0
blogspot.com, 1, 20, 0, 0, 0, 0, 0, 0, 1, 0, 0, 1, 0, 0, 0, 1, 0, 0, 0, 0, 0, 0, 0, 0, 1, 0, 0, 0, 1, 1, 1, 0, 0, 0, 1, 0
blogger.com, 1, 37, 1, 0, 0, 0, 0, 1, 1, 0, 0, 2, 0, 0, 0, 1, 0, 0, 1, 7, 6, 0, 0, 0, 0, 0, 0, 0, 0, 1, 1, 0, 0, 0, 0, 0
blogspot.com, 1, 19, 0, 0, 0, 1, 0, 0, 1, 0, 0, 1, 0, 0, 0, 1, 0, 0, 0, 0, 0, 0, 0, 0, 1, 0, 0, 0, 1, 1, 1, 0, 0, 0, 1, 0
wkv.com, 1, 16, 0, 0, 0, 0, 0, 0, 1, 0, 0, 1, 0, 0, 0, 1, 0, 0, 0, 1, 0, 0, 0, 0, 0, 0, 0, 0, 1, 1, 1, 0, 0, 0, 0, 0
lycos.com, 1, 22, 0, 0, 0, 0, 0, 1, 1, 0, 0, 2, 0, 0, 0, 1, 0, 0, 0, 1, 0, 0, 0, 0, 0, 0, 0, 0, 0, 1, 1, 0, 0, 0, 0, 0
groups.google.com, 1, 32, 1, 0, 0, 0, 0, 1, 1, 0, 0, 2, 0, 0, 0, 1, 0, 0, 0, 7, 0, 0, 0, 0, 0, 0, 0, 0, 0, 1, 1, 0, 0, 0, 0, 0
dropbox.lilyskitchen.skyfencenet.com, 1, 44, 0, 0, 0, 1, 0, 1, 1, 0, 0, 3, 0, 0, 0, 1, 0, 0, 0, 1, 0, 0, 0, 0, 1, 0, 0, 0, 0, 1, 1, 0, 0, 0, 0, 0
etix.com, 1, 136, 3, 0, 0, 0, 0, 1, 1, 0, 0, 3, 0, 4, 0, 4, 3, 0, 3, 23, 92, 1, 0, 0, 1, 0, 0, 0, 0, 1, 1, 0, 0, 0, 0, 0
nflus-store.myshopify.com, 1, 64, 1, 0, 0, 0, 0, 1, 1, 0, 0, 2, 1, 0, 0, 1, 0, 0, 7, 31, 0, 0, 0, 0, 0, 1, 0, 0, 0, 1, 1, 0, 0, 0, 0, 0
gitlab.com, 1, 18, 0, 0, 0, 0, 0, 0, 1, 0, 0, 1, 0, 0, 0, 1, 0, 0, 0, 0, 0, 0, 0, 0, 0, 0, 0, 0, 0, 1, 1, 0, 0, 0, 0, 0
unicode.org, 1, 59, 5, 0, 0, 1, 0, 0, 1, 0, 0, 2, 0, 0, 0, 1, 0, 0, 0, 41, 0, 0, 0, 0, 0, 0, 0, 0, 0, 1, 1, 0, 0, 0, 0, 0
halderberge.raadsinformatie.nl, 1, 112, 8, 0, 0, 0, 0, 1, 1, 0, 0, 3, 0, 1, 0, 1, 0, 0, 0, 74, 0, 0, 0, 0, 0, 0, 0, 1, 1, 1, 1, 0, 0, 0, 0, 0
bluewaterdeliveries.com, 1, 32, 0, 0, 0, 0, 0, 0, 1, 0, 0, 1, 0, 0, 0, 1, 0, 0, 0, 1, 0, 0, 0, 0, 0, 0, 1, 1, 1, 1, 1, 1, 1, 1, 1, 0
bluewaterdeliveries.com, 1, 30, 0, 0, 0, 1, 0, 0, 1, 0, 0, 1, 0, 0, 0, 1, 0, 0, 0, 0, 0, 0, 0, 0, 0, 0, 1, 1, 1, 1, 1, 1, 1, 1, 1, 0
astoca.com, 1, 22, 0, 0, 0, 0, 0, 1, 1, 0, 0, 2, 0, 0, 0, 1, 0, 0, 0, 0, 0, 0, 0, 0, 0, 0, 0, 0, 0, 1, 1, 0, 0, 0, 0, 0
amazon.co.jp, 1, 137, 5, 0, 0, 1, 0, 1, 1, 0, 0, 3, 0, 3, 0, 1, 1, 0, 33, 114, 0, 0, 0, 0, 0, 0, 0, 1, 1, 1, 1, 0, 0, 0, 0, 0
auth.arcticwolf.com, 1, 876, 1, 0, 0, 0, 0, 1, 1, 0, 0, 5, 0, 8, 25, 6, 5, 0, 121, 6, 842, 1, 0, 0, 0, 0, 0, 0, 0, 1, 1, 0, 0, 0, 0, 0
support.arcticwolf.com, 1, 132, 3, 0, 0, 0, 0, 1, 1, 0, 0, 3, 0, 7, 0, 1, 0, 0, 9, 45, 56, 0, 0, 0, 0, 0, 0, 0, 0, 1, 1, 0, 0, 0, 0, 0
francegamehosting.net, 1, 34, 0, 0, 0, 0, 0, 1, 1, 0, 0, 2, 0, 0, 0, 1, 0, 0, 0, 1, 0, 0, 0, 0, 0, 0, 0, 0, 1, 1, 1, 1, 1, 1, 1, 0
blog.ehcgroup.io, 1, 188, 11, 0, 0, 0, 0, 1, 1, 0, 0, 2, 0, 0, 0, 1, 0, 0, 18, 164, 0, 0, 0, 0, 0, 0, 0, 0, 0, 1, 1, 0, 0, 0, 0, 0
punto-informatico.it, 1, 60, 1, 0, 0, 0, 0, 1, 1, 0, 0, 2, 1, 0, 0, 1, 0, 0, 0, 28, 0, 0, 0, 0, 0, 1, 0, 0, 1, 1, 1, 0, 0, 0, 0, 0
ow.ly, 1, 24, 1, 0, 0, 1, 0, 0, 1, 0, 0, 1, 0, 0, 0, 1, 0, 0, 6, 12, 0, 0, 0, 0, 1, 0, 0, 0, 0, 1, 1, 0, 0, 0, 0, 0
app1.ftrans01.com, 1, 508, 1, 0, 0, 1, 0, 1, 1, 0, 0, 2, 0, 0, 0, 2, 1, 0, 52, 11, 472, 0, 0, 0, 0, 0, 0, 0, 1, 1, 1, 0, 0, 0, 0, 0
pgware.com, 1, 130, 1, 0, 0, 1, 0, 1, 1, 0, 0, 2, 0, 0, 0, 1, 0, 0, 11, 7, 101, 0, 0, 0, 0, 0, 0, 0, 1, 1, 1, 1, 1, 1, 1, 0
swiftdog.com, 1, 59, 1, 0, 0, 1, 0, 1, 1, 0, 0, 2, 0, 0, 0, 2, 1, 0, 0, 7, 28, 0, 0, 0, 0, 0, 0, 0, 0, 1, 1, 1, 1, 1, 1, 0
swiftdog.com, 1, 47, 1, 0, 0, 1, 0, 1, 1, 0, 0, 2, 0, 0, 0, 1, 0, 0, 0, 7, 16, 0, 0, 0, 0, 0, 0, 0, 0, 1, 1, 1, 1, 1, 1, 0
camstudio.org, 1, 31, 1, 0, 0, 1, 0, 1, 1, 0, 0, 2, 0, 0, 0, 1, 0, 0, 0, 7, 0, 0, 0, 0, 0, 0, 0, 0, 0, 1, 1, 0, 0, 0, 1, 0
zdnet.com, 1, 69, 2, 0, 0, 0, 0, 1, 1, 0, 0, 2, 0, 0, 0, 1, 0, 0, 0, 48, 0, 0, 0, 0, 1, 0, 0, 0, 0, 1, 1, 0, 0, 0, 0, 0
email.rbccm.streetcontxt.net, 1, 195, 2, 0, 0, 1, 0, 1, 1, 0, 0, 6, 0, 1, 0, 6, 5, 0, 21, 12, 147, 0, 0, 1, 0, 0, 0, 0, 1, 1, 1, 0, 0, 0, 0, 0
email.rbccm.streetcontxt.net, 1, 195, 2, 0, 0, 1, 0, 1, 1, 0, 0, 6, 0, 0, 0, 6, 5, 0, 21, 12, 147, 0, 0, 1, 0, 0, 0, 0, 1, 1, 1, 0, 0, 0, 0, 0
dropbox.progentrix.skyfencenet.com, 1, 225, 1, 0, 0, 0, 0, 1, 1, 0, 0, 3, 0, 1, 21, 1, 0, 0, 74, 9, 173, 0, 0, 0, 1, 0, 0, 0, 0, 1, 1, 1, 1, 1, 1, 0
dropbox.progentrix.skyfencenet.com, 1, 145, 1, 0, 0, 0, 0, 1, 1, 0, 0, 3, 0, 1, 12, 1, 0, 0, 47, 9, 93, 0, 0, 0, 1, 0, 0, 0, 0, 1, 1, 1, 1, 1, 1, 0
dropbox.progentrix.skyfencenet.com, 1, 77, 1, 0, 0, 0, 0, 1, 1, 0, 0, 3, 0, 1, 3, 1, 0, 0, 7, 6, 28, 1, 0, 0, 1, 0, 0, 0, 0, 1, 1, 1, 1, 1, 1, 0
dropbox.progentrix.skyfencenet.com, 1, 147, 1, 0, 0, 0, 0, 1, 1, 0, 0, 6, 0, 1, 9, 1, 0, 0, 19, 6, 98, 1, 0, 0, 1, 0, 0, 0, 0, 1, 1, 1, 1, 1, 1, 0
icscards.nl, 1, 21, 1, 0, 0, 1, 0, 0, 1, 0, 0, 1, 0, 0, 0, 1, 0, 0, 0, 3, 0, 0, 0, 0, 0, 0, 0, 1, 1, 1, 1, 0, 0, 0, 1, 0
scmagazine.com, 1, 132, 4, 0, 0, 0, 0, 1, 1, 0, 0, 2, 0, 0, 0, 1, 0, 0, 0, 106, 0, 0, 0, 0, 0, 0, 0, 0, 0, 1, 1, 0, 0, 0, 1, 0
ow.ly, 1, 24, 1, 0, 0, 1, 0, 0, 1, 0, 0, 1, 0, 0, 0, 1, 0, 0, 3, 12, 0, 0, 0, 0, 1, 0, 0, 0, 0, 1, 1, 0, 0, 0, 1, 0
grc101.com, 1, 55, 3, 0, 0, 1, 0, 1, 1, 0, 0, 3, 0, 1, 0, 1, 0, 0, 6, 34, 0, 0, 0, 0, 0, 0, 0, 0, 0, 1, 1, 0, 0, 0, 0, 0
oaccd.org, 1, 16, 0, 0, 0, 1, 0, 0, 1, 0, 0, 1, 0, 0, 0, 1, 0, 0, 0, 0, 0, 0, 0, 0, 0, 0, 0, 0, 0, 1, 1, 0, 0, 0, 0, 0
escueladenegocio.com, 1, 33, 0, 0, 0, 0, 0, 1, 1, 0, 0, 2, 0, 0, 0, 1, 0, 0, 0, 1, 0, 0, 0, 0, 0, 0, 0, 0, 0, 1, 1, 0, 0, 0, 0, 0
natwesttreats.co.uk, 1, 35, 1, 0, 0, 0, 0, 0, 1, 0, 0, 2, 0, 0, 0, 1, 0, 0, 0, 8, 0, 0, 0, 0, 0, 0, 0, 0, 1, 1, 1, 0, 0, 0, 0, 0
natwesttreats.co.uk, 1, 36, 1, 0, 0, 0, 0, 0, 1, 0, 0, 2, 0, 0, 0, 1, 0, 0, 0, 9, 0, 0, 0, 0, 0, 0, 0, 0, 1, 1, 1, 0, 0, 0, 0, 0
bnpparibascardif.com.ar, 1, 32, 0, 0, 0, 0, 0, 0, 1, 0, 0, 2, 0, 0, 0, 1, 0, 0, 0, 1, 0, 0, 0, 0, 0, 0, 0, 1, 1, 1, 1, 0, 0, 0, 0, 0
ad1turehimalayas.com, 1, 33, 0, 0, 0, 0, 0, 1, 1, 0, 0, 2, 0, 0, 0, 1, 0, 0, 1, 1, 0, 0, 0, 0, 0, 0, 0, 0, 0, 1, 1, 1, 1, 1, 1, 0
ad1turehimalayas.com, 1, 29, 0, 0, 0, 0, 0, 0, 1, 0, 0, 1, 0, 0, 0, 1, 0, 0, 1, 1, 0, 0, 0, 0, 0, 0, 0, 0, 0, 1, 1, 1, 1, 1, 1, 0
glamourpicturelibrary.com, 1, 34, 0, 0, 0, 0, 0, 0, 1, 0, 0, 1, 0, 0, 0, 1, 0, 0, 0, 1, 0, 0, 0, 0, 0, 0, 0, 0, 1, 1, 1, 0, 0, 0, 0, 0
schwab.co.uk, 1, 25, 0, 0, 0, 0, 0, 1, 1, 0, 0, 3, 0, 0, 0, 1, 0, 0, 0, 1, 0, 0, 0, 0, 0, 0, 0, 0, 0, 1, 1, 0, 0, 0, 0, 0
schwab.co.uk, 1, 21, 0, 0, 0, 0, 0, 0, 1, 0, 0, 2, 0, 0, 0, 1, 0, 0, 0, 1, 0, 0, 0, 0, 0, 0, 0, 0, 0, 1, 1, 0, 0, 0, 0, 0
btwifi.co.uk, 1, 25, 0, 0, 0, 0, 0, 1, 1, 0, 0, 3, 0, 0, 0, 1, 0, 0, 0, 1, 0, 0, 0, 0, 0, 0, 0, 0, 0, 1, 1, 0, 0, 0, 0, 0
btwifi.co.uk, 1, 21, 0, 0, 0, 0, 0, 0, 1, 0, 0, 2, 0, 0, 0, 1, 0, 0, 0, 1, 0, 0, 0, 0, 0, 0, 0, 0, 0, 1, 1, 0, 0, 0, 0, 0
moncollege-ent.essonne.fr, 1, 34, 0, 0, 0, 0, 0, 1, 1, 0, 0, 2, 1, 0, 0, 1, 0, 0, 0, 1, 0, 0, 0, 0, 0, 1, 0, 0, 1, 1, 1, 1, 1, 1, 1, 0
outlook.hillebrandgroup.com, 1, 40, 1, 0, 0, 0, 0, 1, 1, 0, 0, 2, 0, 0, 0, 1, 0, 0, 0, 5, 0, 0, 0, 0, 0, 0, 0, 0, 0, 1, 1, 1, 1, 1, 1, 0
onetimesecret.com, 1, 26, 0, 0, 0, 0, 0, 0, 1, 0, 0, 1, 0, 0, 0, 1, 0, 0, 0, 1, 0, 0, 0, 0, 1, 0, 0, 0, 0, 1, 1, 0, 0, 0, 0, 0
geckoprint.com.au, 1, 43, 0, 0, 0, 1, 0, 0, 1, 0, 0, 2, 0, 0, 0, 1, 0, 1, 0, 1, 0, 0, 0, 0, 1, 0, 0, 1, 1, 1, 1, 0, 0, 0, 0, 0
insidehighered.com, 1, 88, 5, 0, 0, 0, 0, 0, 1, 0, 0, 1, 0, 0, 0, 1, 0, 0, 8, 62, 0, 0, 0, 0, 0, 0, 0, 0, 0, 1, 1, 0, 0, 0, 0, 0
ex-money.cc, 1, 26, 1, 0, 0, 0, 0, 0, 1, 0, 0, 1, 1, 0, 0, 1, 0, 0, 0, 7, 0, 1, 0, 0, 0, 1, 0, 0, 1, 1, 1, 0, 0, 0, 0, 0
ex-money.cc, 1, 22, 0, 0, 0, 1, 0, 1, 1, 0, 0, 2, 1, 0, 0, 1, 0, 0, 0, 0, 0, 0, 0, 0, 0, 1, 0, 0, 1, 1, 1, 0, 0, 0, 0, 0
cv.kredit24.com, 1, 39, 2, 0, 0, 1, 0, 1, 1, 0, 0, 2, 0, 0, 0, 1, 0, 0, 5, 17, 0, 0, 0, 0, 0, 0, 0, 0, 0, 1, 1, 0, 0, 0, 0, 0
ex-money.cc, 1, 23, 0, 0, 0, 0, 0, 1, 1, 0, 0, 2, 1, 0, 0, 1, 0, 0, 0, 0, 0, 0, 0, 0, 0, 1, 0, 0, 1, 1, 1, 0, 0, 0, 0, 0
ex-money.cc, 1, 20, 1, 0, 0, 1, 0, 0, 1, 0, 0, 2, 1, 0, 0, 1, 0, 0, 0, 2, 0, 0, 0, 0, 0, 1, 0, 0, 1, 1, 1, 0, 0, 0, 0, 0
ex-money.cc, 1, 21, 1, 0, 0, 0, 0, 0, 1, 0, 0, 2, 1, 0, 0, 1, 0, 0, 0, 2, 0, 0, 0, 0, 0, 1, 0, 0, 1, 1, 1, 0, 0, 0, 0, 0
ex-money.cc, 1, 20, 0, 0, 0, 1, 0, 0, 1, 0, 0, 1, 1, 0, 0, 1, 0, 1, 0, 1, 0, 0, 0, 0, 0, 1, 0, 0, 1, 1, 1, 0, 0, 0, 0, 0
login.paloaltonetworks.com, 1, 105, 0, 0, 0, 0, 0, 1, 1, 0, 0, 3, 0, 0, 0, 2, 1, 0, 4, 1, 69, 1, 0, 0, 0, 0, 0, 0, 0, 1, 1, 0, 0, 0, 0, 0
login.paloaltonetworks.com, 1, 101, 0, 0, 0, 0, 0, 1, 1, 0, 0, 3, 0, 0, 0, 2, 1, 0, 3, 1, 65, 1, 0, 0, 0, 0, 0, 0, 0, 1, 1, 0, 0, 0, 0, 0
apikeypay.com, 1, 22, 0, 0, 0, 1, 0, 0, 1, 0, 0, 1, 0, 0, 0, 1, 0, 1, 0, 1, 0, 0, 0, 0, 0, 0, 0, 0, 1, 1, 1, 0, 0, 0, 0, 0
apikeypay.com, 1, 23, 0, 0, 0, 0, 0, 0, 1, 0, 0, 1, 0, 0, 0, 1, 0, 1, 0, 1, 0, 0, 0, 0, 0, 0, 0, 0, 1, 1, 1, 0, 0, 0, 0, 0
office.com, 1, 40, 2, 0, 0, 0, 0, 1, 1, 0, 0, 2, 0, 0, 0, 1, 0, 0, 0, 18, 0, 0, 0, 0, 0, 0, 0, 0, 0, 1, 1, 0, 0, 0, 0, 0
login.paloaltonetworks.com, 1, 101, 0, 0, 0, 0, 0, 1, 1, 0, 0, 3, 0, 0, 0, 2, 1, 0, 2, 1, 65, 1, 0, 0, 0, 0, 0, 0, 0, 1, 1, 0, 0, 0, 0, 0
tripwire.com, 1, 120, 3, 0, 0, 0, 0, 1, 1, 0, 0, 2, 0, 0, 0, 1, 0, 0, 0, 96, 0, 0, 0, 0, 0, 0, 0, 0, 0, 1, 1, 0, 0, 0, 0, 0
iatatravelcentre.com, 1, 40, 1, 0, 0, 0, 0, 1, 1, 0, 0, 2, 0, 0, 0, 1, 0, 0, 0, 8, 0, 0, 0, 0, 0, 0, 0, 0, 0, 1, 1, 0, 0, 0, 0, 0
login.paloaltonetworks.com, 1, 105, 0, 0, 0, 0, 0, 1, 1, 0, 0, 3, 0, 0, 0, 2, 1, 0, 4, 1, 69, 1, 0, 0, 0, 0, 0, 0, 0, 1, 1, 0, 0, 0, 0, 0
hidemybutt.net, 1, 27, 0, 0, 0, 0, 0, 1, 1, 0, 0, 2, 0, 0, 0, 1, 0, 0, 0, 1, 0, 0, 0, 0, 0, 0, 0, 0, 0, 1, 1, 0, 0, 0, 0, 0
hidemybutt.net, 1, 22, 0, 0, 0, 1, 0, 0, 1, 0, 0, 1, 0, 0, 0, 1, 0, 0, 0, 1, 0, 0, 0, 0, 0, 0, 0, 0, 0, 1, 1, 0, 0, 0, 0, 0
s-c.de, 1, 72, 2, 0, 0, 0, 0, 1, 1, 0, 0, 2, 1, 0, 0, 1, 0, 0, 0, 54, 0, 0, 0, 0, 0, 1, 0, 1, 1, 1, 1, 0, 0, 0, 0, 0
hangseng-hk.com, 1, 22, 0, 0, 0, 1, 0, 0, 1, 0, 0, 1, 1, 0, 0, 1, 0, 0, 0, 0, 0, 0, 0, 0, 0, 1, 0, 0, 0, 1, 1, 0, 0, 0, 0, 0
microsoftonline.com, 1, 37, 1, 0, 0, 0, 0, 1, 1, 0, 0, 4, 0, 0, 0, 1, 0, 0, 0, 6, 0, 0, 0, 0, 0, 0, 0, 0, 0, 1, 1, 1, 1, 1, 1, 0
cobpag.info, 1, 23, 0, 0, 0, 1, 0, 1, 1, 0, 0, 2, 0, 0, 0, 1, 0, 0, 0, 1, 0, 0, 0, 0, 0, 0, 0, 1, 1, 1, 1, 1, 1, 1, 1, 0
fonts.googleapis.com, 1, 153, 1, 0, 0, 0, 0, 1, 1, 0, 0, 2, 0, 0, 0, 2, 1, 0, 48, 5, 119, 0, 0, 0, 0, 0, 1, 1, 1, 1, 1, 0, 0, 0, 0, 0
193.41.230.115, 1, 31, 2, 0, 0, 0, 1, 0, 0, 0, 0, 3, 0, 0, 0, 1, 0, 0, 11, 9, 0, 0, 0, 0, 0, 0, 0, 1, 1, 1, 1, 1, 1, 1, 1, 0
pedicuregroothandel.nl, 1, 57, 3, 0, 0, 0, 0, 1, 1, 0, 0, 2, 0, 0, 0, 1, 0, 0, 0, 23, 0, 2, 0, 0, 0, 0, 0, 1, 1, 1, 1, 0, 0, 0, 0, 0
respnsemailer.icu, 1, 86, 2, 0, 0, 1, 0, 0, 1, 0, 0, 2, 0, 0, 0, 4, 3, 0, 26, 21, 40, 0, 0, 0, 0, 0, 0, 0, 1, 1, 1, 0, 0, 0, 0, 0
identity.paloaltonetworks.com, 1, 252, 2, 0, 0, 0, 0, 1, 1, 0, 0, 5, 0, 3, 0, 2, 1, 0, 59, 18, 196, 1, 0, 1, 0, 0, 0, 0, 0, 1, 1, 0, 0, 0, 0, 0
chime.com, 1, 36, 2, 0, 0, 0, 0, 1, 1, 0, 0, 2, 0, 0, 0, 1, 0, 0, 1, 15, 0, 0, 0, 0, 0, 0, 0, 0, 0, 1, 1, 0, 0, 0, 0, 0
helenltd.com, 1, 32, 1, 0, 0, 0, 0, 0, 1, 0, 0, 1, 0, 0, 0, 1, 0, 0, 0, 12, 0, 1, 0, 0, 0, 0, 0, 0, 1, 1, 1, 0, 0, 0, 0, 0
d-servis.ru, 1, 34, 1, 0, 0, 1, 0, 0, 1, 0, 0, 1, 1, 0, 0, 1, 0, 0, 0, 6, 9, 0, 0, 0, 0, 1, 0, 0, 0, 1, 1, 0, 0, 0, 0, 0
rost-l.ru, 1, 17, 0, 0, 0, 1, 0, 0, 1, 0, 0, 1, 1, 0, 0, 1, 0, 0, 0, 1, 0, 0, 0, 0, 0, 1, 0, 0, 1, 1, 1, 0, 0, 0, 0, 0
leaointl.com, 1, 21, 0, 0, 0, 0, 0, 0, 1, 0, 0, 1, 0, 0, 0, 1, 0, 0, 0, 1, 0, 0, 0, 0, 0, 0, 0, 0, 1, 1, 1, 0, 0, 0, 0, 0
rapered.com, 1, 33, 1, 0, 0, 1, 0, 0, 1, 0, 0, 2, 0, 0, 0, 1, 0, 0, 0, 8, 6, 0, 0, 0, 0, 0, 1, 1, 1, 1, 1, 1, 1, 1, 1, 0
my.mgs.vic.edu.au, 1, 52, 2, 0, 0, 0, 0, 1, 1, 0, 0, 4, 0, 1, 0, 1, 0, 0, 0, 14, 12, 1, 0, 0, 0, 0, 0, 1, 1, 1, 1, 0, 0, 0, 0, 0
206.169.232.89, 1, 38, 2, 0, 0, 1, 1, 0, 0, 0, 0, 3, 0, 0, 0, 1, 0, 0, 11, 17, 0, 0, 0, 0, 0, 0, 0, 1, 1, 1, 1, 0, 0, 0, 0, 0
206.169.232.89, 1, 37, 2, 0, 0, 1, 1, 0, 0, 0, 0, 3, 0, 0, 0, 1, 0, 0, 11, 16, 0, 0, 0, 0, 0, 0, 0, 1, 1, 1, 1, 0, 0, 0, 0, 0
email.rbccm.streetcontxt.net, 1, 207, 2, 0, 0, 1, 0, 1, 1, 0, 0, 5, 0, 1, 0, 6, 5, 0, 45, 12, 159, 0, 0, 1, 0, 0, 0, 0, 1, 1, 1, 0, 0, 0, 0, 0
click.mail.onedrive.com, 1, 147, 0, 0, 0, 1, 0, 1, 1, 0, 0, 3, 0, 0, 0, 1, 0, 0, 73, 1, 115, 0, 0, 0, 0, 0, 0, 0, 0, 1, 1, 0, 0, 0, 1, 0
email.rbccm.streetcontxt.net, 1, 195, 2, 0, 0, 1, 0, 1, 1, 0, 0, 6, 0, 0, 0, 6, 5, 0, 23, 12, 147, 0, 0, 1, 0, 0, 0, 0, 1, 1, 1, 0, 0, 0, 0, 0
email.rbccm.streetcontxt.net, 1, 195, 2, 0, 0, 1, 0, 1, 1, 0, 0, 6, 0, 0, 0, 6, 5, 0, 26, 12, 147, 0, 0, 1, 0, 0, 0, 0, 1, 1, 1, 0, 0, 0, 0, 0
email.rbccm.streetcontxt.net, 1, 195, 2, 0, 0, 1, 0, 1, 1, 0, 0, 6, 0, 2, 0, 6, 5, 0, 25, 12, 147, 0, 0, 1, 0, 0, 0, 0, 1, 1, 1, 0, 0, 0, 0, 0
email.rbccm.streetcontxt.net, 1, 195, 2, 0, 0, 1, 0, 1, 1, 0, 0, 6, 0, 0, 0, 6, 5, 0, 26, 12, 147, 0, 0, 1, 0, 0, 0, 0, 1, 1, 1, 0, 0, 0, 0, 0
pmlearnus.com, 1, 99, 7, 0, 0, 1, 0, 0, 1, 0, 0, 2, 0, 0, 0, 1, 0, 0, 21, 79, 0, 0, 0, 0, 0, 0, 1, 1, 1, 1, 1, 1, 1, 1, 1, 0
ov.kredit24.com, 1, 31, 1, 0, 0, 1, 0, 1, 1, 0, 0, 2, 0, 0, 0, 1, 0, 0, 2, 9, 0, 0, 0, 0, 0, 0, 0, 0, 0, 1, 1, 0, 0, 0, 0, 0
bbc.co.uk, 1, 22, 0, 0, 0, 1, 0, 1, 1, 0, 0, 3, 0, 0, 0, 1, 0, 0, 0, 1, 0, 0, 0, 0, 0, 0, 0, 1, 0, 1, 1, 1, 1, 1, 1, 0
cv.kredit24.com, 1, 39, 2, 0, 0, 1, 0, 1, 1, 0, 0, 2, 0, 0, 0, 1, 0, 0, 4, 17, 0, 0, 0, 0, 0, 0, 0, 0, 0, 1, 1, 0, 0, 0, 0, 0
rai.it, 1, 17, 0, 0, 0, 1, 0, 1, 1, 0, 0, 2, 0, 0, 0, 1, 0, 0, 0, 0, 0, 0, 0, 0, 0, 0, 0, 0, 0, 1, 1, 0, 0, 0, 0, 0
network-m.net, 1, 22, 0, 0, 0, 0, 0, 0, 1, 0, 0, 1, 1, 0, 0, 1, 0, 0, 0, 1, 0, 0, 0, 0, 0, 1, 0, 0, 0, 1, 1, 1, 1, 1, 1, 0
shrinkearn.com, 1, 34, 2, 0, 0, 0, 0, 0, 1, 0, 0, 1, 0, 0, 0, 1, 0, 0, 0, 12, 0, 0, 0, 0, 0, 0, 0, 0, 0, 1, 1, 0, 0, 0, 0, 0
api.onedrive.com, 1, 24, 0, 0, 0, 1, 0, 1, 1, 0, 0, 2, 0, 0, 0, 1, 0, 0, 0, 1, 0, 0, 0, 0, 0, 0, 0, 0, 0, 1, 1, 0, 0, 0, 1, 0
grp01.id.rakuten.co.jp, 1, 70, 3, 0, 0, 0, 0, 1, 1, 0, 0, 4, 0, 3, 0, 2, 1, 0, 2, 11, 28, 1, 0, 0, 0, 0, 0, 1, 1, 1, 1, 0, 0, 0, 0, 0
securitylab.cc, 1, 27, 0, 0, 0, 0, 0, 1, 1, 0, 0, 2, 0, 0, 0, 1, 0, 0, 0, 1, 0, 0, 0, 0, 0, 0, 0, 0, 0, 1, 1, 1, 1, 1, 1, 0
webbanking.bancopan.com.br, 1, 35, 0, 0, 0, 0, 0, 1, 1, 0, 0, 3, 0, 0, 0, 1, 0, 0, 0, 1, 0, 1, 0, 0, 0, 0, 0, 1, 0, 1, 1, 0, 0, 0, 0, 0
formpl.us, 1, 22, 0, 0, 0, 0, 0, 1, 1, 0, 0, 2, 0, 0, 0, 1, 0, 0, 0, 1, 0, 0, 0, 0, 0, 0, 0, 0, 0, 1, 1, 0, 0, 0, 0, 0
formpl.us, 1, 18, 0, 0, 0, 0, 0, 0, 1, 0, 0, 1, 0, 0, 0, 1, 0, 0, 0, 1, 0, 0, 0, 0, 0, 0, 0, 0, 0, 1, 1, 0, 0, 0, 0, 0
78.47.111.16, 1, 33, 2, 0, 0, 1, 1, 0, 0, 0, 0, 3, 0, 1, 0, 1, 0, 0, 9, 14, 0, 0, 0, 0, 0, 0, 0, 1, 1, 1, 1, 0, 0, 0, 0, 0
coach.me, 1, 26, 1, 0, 0, 0, 0, 1, 1, 0, 0, 2, 0, 0, 0, 1, 0, 0, 0, 6, 0, 1, 0, 0, 0, 0, 0, 0, 1, 1, 1, 0, 0, 0, 0, 0
asmae-ppie.org, 1, 71, 1, 0, 0, 0, 0, 0, 1, 0, 0, 3, 1, 1, 0, 1, 0, 0, 0, 13, 35, 1, 0, 1, 0, 1, 0, 0, 0, 1, 1, 0, 0, 0, 0, 0
email.rbccm.streetcontxt.net, 1, 195, 2, 0, 0, 1, 0, 1, 1, 0, 0, 6, 0, 0, 0, 6, 5, 0, 23, 12, 147, 0, 0, 1, 0, 0, 0, 0, 1, 1, 1, 0, 0, 0, 0, 0
creatorlink.net, 1, 22, 0, 0, 0, 1, 0, 0, 1, 0, 0, 1, 0, 0, 0, 1, 0, 0, 0, 0, 0, 0, 0, 0, 0, 0, 0, 0, 0, 1, 1, 1, 0, 0, 0, 0
51.140.189.95, 1, 21, 0, 0, 0, 1, 1, 0, 0, 0, 0, 3, 0, 0, 0, 1, 0, 0, 10, 1, 0, 0, 0, 0, 0, 0, 0, 1, 1, 1, 1, 1, 1, 1, 1, 0
pasona.com.tw, 1, 26, 0, 0, 0, 0, 0, 1, 1, 0, 0, 3, 0, 0, 0, 1, 0, 0, 0, 1, 0, 0, 0, 0, 0, 0, 0, 0, 0, 1, 1, 0, 0, 0, 0, 0
strato.de, 1, 22, 0, 0, 0, 0, 0, 1, 1, 0, 0, 2, 0, 0, 0, 1, 0, 0, 0, 1, 0, 0, 0, 0, 0, 0, 0, 1, 1, 1, 1, 0, 0, 0, 0, 0
dkb.de, 1, 30, 1, 0, 0, 0, 0, 1, 1, 0, 0, 3, 0, 0, 0, 1, 0, 0, 0, 12, 0, 0, 0, 0, 0, 0, 0, 1, 1, 1, 1, 0, 0, 0, 0, 0
login.microsoftonline.com.mvc.rev365.shn2.myshn.eu, 1, 73, 2, 0, 0, 0, 0, 1, 1, 0, 0, 7, 0, 0, 0, 1, 0, 0, 5, 15, 0, 1, 0, 0, 0, 0, 0, 1, 1, 1, 1, 1, 1, 1, 1, 0
pentest.com.tr, 1, 108, 2, 0, 0, 0, 0, 1, 1, 0, 0, 4, 0, 0, 0, 1, 0, 0, 0, 82, 0, 0, 0, 0, 1, 0, 0, 0, 0, 1, 1, 0, 0, 0, 0, 0
bit.ly, 1, 22, 1, 0, 0, 0, 0, 0, 1, 0, 0, 1, 0, 0, 0, 1, 0, 0, 2, 8, 0, 0, 0, 0, 1, 0, 0, 0, 0, 1, 1, 0, 0, 0, 0, 0
informationcradle.com, 1, 40, 1, 0, 0, 0, 0, 0, 1, 0, 0, 1, 0, 0, 0, 1, 0, 0, 0, 11, 0, 0, 0, 0, 0, 0, 0, 0, 0, 1, 1, 0, 0, 0, 0, 0
informationcradle.com, 1, 47, 1, 0, 0, 0, 0, 0, 1, 0, 0, 1, 0, 0, 0, 1, 0, 0, 0, 18, 0, 0, 0, 0, 0, 0, 0, 0, 0, 1, 1, 0, 0, 0, 0, 0
informationcradle.com, 1, 44, 1, 0, 0, 0, 0, 0, 1, 0, 0, 1, 0, 0, 0, 1, 0, 0, 0, 15, 0, 0, 0, 0, 0, 0, 0, 0, 0, 1, 1, 0, 0, 0, 0, 0
informationcradle.com, 1, 41, 1, 0, 0, 0, 0, 0, 1, 0, 0, 1, 0, 0, 0, 1, 0, 0, 0, 12, 0, 0, 0, 0, 0, 0, 0, 0, 0, 1, 1, 0, 0, 0, 0, 0
xakep.ru, 1, 42, 4, 0, 0, 0, 0, 0, 1, 0, 0, 1, 0, 0, 0, 1, 0, 0, 11, 26, 0, 0, 0, 0, 0, 0, 0, 0, 1, 1, 1, 0, 0, 0, 0, 0
103.126.57.58, 1, 21, 0, 0, 0, 1, 1, 0, 0, 0, 0, 3, 0, 0, 0, 1, 0, 0, 10, 1, 0, 0, 0, 0, 0, 0, 0, 1, 1, 1, 1, 1, 1, 1, 1, 0
informationcradle.com, 1, 45, 1, 0, 0, 0, 0, 0, 1, 0, 0, 1, 0, 0, 0, 1, 0, 0, 0, 16, 0, 0, 0, 0, 0, 0, 0, 0, 0, 1, 1, 0, 0, 0, 0, 0
bit.ly, 1, 22, 1, 0, 0, 0, 0, 0, 1, 0, 0, 1, 0, 0, 0, 1, 0, 0, 3, 8, 0, 0, 0, 0, 1, 0, 0, 0, 0, 1, 1, 0, 0, 0, 0, 0
stepables.com, 1, 56, 2, 0, 0, 0, 0, 1, 1, 0, 0, 3, 0, 1, 0, 1, 0, 0, 0, 31, 0, 0, 0, 0, 0, 0, 0, 0, 0, 1, 1, 0, 0, 0, 0, 0
appurse.com, 1, 96, 1, 0, 0, 0, 0, 1, 1, 0, 0, 3, 0, 2, 0, 1, 0, 0, 5, 11, 61, 0, 0, 0, 0, 0, 0, 0, 0, 1, 1, 0, 0, 0, 0, 0
allyzacek.com, 1, 34, 2, 0, 0, 0, 0, 0, 1, 0, 0, 1, 0, 0, 0, 1, 0, 0, 0, 13, 0, 0, 0, 0, 0, 0, 0, 0, 0, 1, 1, 1, 1, 1, 1, 0
allyzacek.com, 1, 32, 2, 0, 0, 1, 0, 0, 1, 0, 0, 1, 0, 0, 0, 1, 0, 0, 0, 12, 0, 0, 0, 0, 0, 0, 0, 0, 0, 1, 1, 0, 0, 0, 0, 0
login.microsoftonline.com.mvc.rev365.shn2.myshn.eu, 1, 814, 3, 0, 0, 1, 0, 1, 1, 0, 0, 18, 0, 13, 2, 12, 11, 0, 138, 24, 732, 1, 0, 0, 0, 0, 0, 1, 1, 1, 1, 1, 1, 1, 1, 0
limber.click, 1, 32, 1, 0, 0, 0, 0, 1, 1, 0, 0, 2, 0, 0, 0, 1, 0, 0, 7, 8, 0, 0, 0, 0, 0, 0, 0, 1, 1, 1, 1, 0, 0, 0, 1, 0
u6616431.ct.sendgrid.net, 1, 630, 2, 0, 0, 1, 0, 1, 1, 0, 0, 3, 0, 1, 0, 1, 0, 0, 112, 9, 589, 0, 0, 0, 0, 0, 0, 0, 0, 1, 1, 0, 0, 0, 0, 0
boy.co.jp, 1, 22, 0, 0, 0, 0, 0, 1, 1, 0, 0, 3, 0, 0, 0, 1, 0, 0, 0, 1, 0, 0, 0, 0, 0, 0, 0, 1, 1, 1, 1, 0, 0, 0, 0, 0
bit.ly, 1, 21, 1, 0, 0, 1, 0, 0, 1, 0, 0, 1, 0, 0, 0, 1, 0, 0, 2, 8, 0, 0, 0, 0, 1, 0, 0, 0, 0, 1, 1, 0, 0, 0, 0, 0
dropbox.com, 1, 150, 2, 0, 0, 0, 0, 1, 1, 0, 0, 5, 0, 2, 1, 2, 1, 0, 16, 12, 114, 0, 0, 1, 1, 0, 0, 0, 0, 1, 1, 0, 0, 0, 0, 0
git.theawesome.co:443, 1, 30, 0, 0, 0, 0, 0, 1, 1, 0, 0, 2, 0, 0, 0, 1, 0, 0, 3, 1, 0, 0, 0, 0, 0, 0, 0, 1, 1, 1, 1, 0, 0, 0, 0, 0
shuftipro.com, 1, 84, 2, 0, 0, 0, 0, 0, 1, 0, 0, 1, 0, 0, 0, 1, 0, 0, 0, 63, 0, 0, 0, 0, 0, 0, 0, 0, 0, 1, 1, 0, 0, 0, 0, 0
bit.ly, 1, 22, 1, 0, 0, 0, 0, 0, 1, 0, 0, 1, 0, 0, 0, 1, 0, 0, 1, 8, 0, 0, 0, 0, 1, 0, 0, 0, 0, 1, 1, 0, 0, 0, 0, 0
shgpi.org, 1, 18, 0, 0, 0, 0, 0, 0, 1, 0, 0, 1, 0, 0, 0, 1, 0, 0, 0, 1, 0, 0, 0, 0, 0, 0, 0, 1, 1, 1, 1, 1, 1, 1, 1, 0
cbservice.com, 1, 21, 0, 0, 0, 1, 0, 0, 1, 0, 0, 1, 0, 0, 0, 1, 0, 0, 0, 1, 0, 0, 0, 0, 0, 0, 0, 0, 0, 1, 1, 0, 0, 0, 0, 0
goaudio.cc, 1, 51, 1, 0, 0, 0, 0, 0, 1, 0, 0, 1, 0, 0, 0, 1, 0, 0, 3, 33, 0, 0, 0, 0, 0, 0, 0, 0, 1, 1, 1, 0, 0, 0, 0, 0
213.74.95.138, 1, 21, 0, 0, 0, 1, 1, 0, 0, 0, 0, 3, 0, 0, 0, 1, 0, 0, 10, 1, 0, 0, 0, 0, 0, 0, 0, 0, 0, 1, 1, 1, 1, 1, 1, 0
bbqgalore.com, 1, 30, 1, 0, 0, 1, 0, 0, 1, 0, 0, 1, 0, 0, 0, 1, 0, 0, 0, 10, 0, 0, 0, 0, 0, 0, 0, 0, 0, 1, 1, 0, 0, 0, 0, 0
yelp.ca, 1, 41, 2, 0, 0, 0, 0, 1, 1, 0, 0, 2, 0, 0, 0, 1, 0, 0, 1, 22, 0, 0, 0, 0, 0, 0, 0, 0, 1, 1, 1, 0, 0, 0, 0, 0
bankcheckingsavings.com, 1, 68, 1, 0, 0, 0, 0, 1, 1, 0, 0, 2, 0, 0, 0, 1, 0, 0, 0, 33, 0, 0, 0, 0, 0, 0, 0, 0, 0, 1, 1, 0, 0, 0, 0, 0
agents.lead-squad.com, 1, 30, 0, 0, 0, 0, 0, 1, 1, 0, 0, 2, 1, 0, 0, 1, 0, 0, 0, 1, 0, 0, 0, 0, 0, 1, 0, 0, 1, 1, 1, 0, 0, 0, 0, 0
baidu.com, 1, 22, 0, 0, 0, 0, 0, 1, 1, 0, 0, 2, 0, 0, 0, 1, 0, 0, 0, 1, 0, 0, 0, 0, 0, 0, 0, 0, 0, 1, 1, 0, 0, 0, 0, 0
whizlabs.com, 1, 101, 1, 0, 0, 0, 0, 1, 1, 0, 0, 2, 0, 5, 0, 3, 2, 0, 4, 14, 62, 0, 0, 0, 0, 0, 0, 0, 0, 1, 1, 0, 0, 0, 0, 0
informationcradle.com, 1, 46, 1, 0, 0, 0, 0, 0, 1, 0, 0, 1, 0, 0, 0, 1, 0, 0, 0, 17, 0, 0, 0, 0, 0, 0, 0, 0, 0, 1, 1, 0, 0, 0, 0, 0
sios.tech, 1, 23, 1, 0, 0, 0, 0, 0, 1, 0, 0, 1, 0, 0, 0, 1, 0, 0, 0, 6, 0, 1, 0, 0, 0, 0, 0, 0, 1, 1, 1, 0, 0, 0, 0, 0
