alu-acseon.fohxyin.md.ci, 1, 37, 0, 0, 0, 0, 0, 1, 1, 0, 0, 4, 1, 0, 0, 1, 0, 0, 0, 1, 0, 0, 0, 0, 0, 1, 1, 1, 1, 1, 1, 1, 1, 1, 1, 1
alu-acseon.giflgvg.md.ci, 1, 37, 0, 0, 0, 0, 0, 1, 1, 0, 0, 4, 1, 0, 0, 1, 0, 0, 0, 1, 0, 0, 0, 0, 0, 1, 1, 1, 1, 1, 1, 1, 1, 1, 1, 1
alu-acseon.glzijfj.md.ci, 1, 37, 0, 0, 0, 0, 0, 1, 1, 0, 0, 4, 1, 0, 0, 1, 0, 0, 0, 1, 0, 0, 0, 0, 0, 1, 1, 1, 1, 1, 1, 1, 1, 1, 1, 1
alu-acseon.gwifjmp.md.ci, 1, 37, 0, 0, 0, 0, 0, 1, 1, 0, 0, 4, 1, 0, 0, 1, 0, 0, 0, 1, 0, 0, 0, 0, 0, 1, 1, 1, 1, 1, 1, 1, 1, 1, 1, 1
alu-acseon.gyusnph.md.ci, 1, 37, 0, 0, 0, 0, 0, 1, 1, 0, 0, 4, 1, 0, 0, 1, 0, 0, 0, 1, 0, 0, 0, 0, 0, 1, 1, 1, 1, 1, 1, 1, 1, 1, 1, 1
alu-acseon.hbrjbcf.md.ci, 1, 37, 0, 0, 0, 0, 0, 1, 1, 0, 0, 4, 1, 0, 0, 1, 0, 0, 0, 1, 0, 0, 0, 0, 0, 1, 1, 1, 1, 1, 1, 1, 1, 1, 1, 1
alu-acseon.hupxrsf.md.ci, 1, 37, 0, 0, 0, 0, 0, 1, 1, 0, 0, 4, 1, 0, 0, 1, 0, 0, 0, 1, 0, 0, 0, 0, 0, 1, 1, 1, 1, 1, 1, 1, 1, 1, 1, 1
alu-acseon.hvtawug.md.ci, 1, 37, 0, 0, 0, 0, 0, 1, 1, 0, 0, 4, 1, 0, 0, 1, 0, 0, 0, 1, 0, 0, 0, 0, 0, 1, 1, 1, 1, 1, 1, 1, 1, 1, 1, 1
alu-acseon.hxzraph.md.ci, 1, 37, 0, 0, 0, 0, 0, 1, 1, 0, 0, 4, 1, 0, 0, 1, 0, 0, 0, 1, 0, 0, 0, 0, 0, 1, 1, 1, 1, 1, 1, 1, 1, 1, 1, 1
alu-acseon.hykzejy.md.ci, 1, 37, 0, 0, 0, 0, 0, 1, 1, 0, 0, 4, 1, 0, 0, 1, 0, 0, 0, 1, 0, 0, 0, 0, 0, 1, 1, 1, 1, 1, 1, 1, 1, 1, 1, 1
alu-acseon.iavnwgx.md.ci, 1, 37, 0, 0, 0, 0, 0, 1, 1, 0, 0, 4, 1, 0, 0, 1, 0, 0, 0, 1, 0, 0, 0, 0, 0, 1, 1, 1, 1, 1, 1, 1, 1, 1, 1, 1
alu-acseon.ibaorpa.md.ci, 1, 37, 0, 0, 0, 0, 0, 1, 1, 0, 0, 4, 1, 0, 0, 1, 0, 0, 0, 1, 0, 0, 0, 0, 0, 1, 1, 1, 1, 1, 1, 1, 1, 1, 1, 1
alu-acseon.iofvsgm.md.ci, 1, 37, 0, 0, 0, 0, 0, 1, 1, 0, 0, 4, 1, 0, 0, 1, 0, 0, 0, 1, 0, 0, 0, 0, 0, 1, 1, 1, 1, 1, 1, 1, 1, 1, 1, 1
alu-acseon.ispjjxl.md.ci, 1, 37, 0, 0, 0, 0, 0, 1, 1, 0, 0, 4, 1, 0, 0, 1, 0, 0, 0, 1, 0, 0, 0, 0, 0, 1, 1, 1, 1, 1, 1, 1, 1, 1, 1, 1
alu-acseon.iulafqe.md.ci, 1, 37, 0, 0, 0, 0, 0, 1, 1, 0, 0, 4, 1, 0, 0, 1, 0, 0, 0, 1, 0, 0, 0, 0, 0, 1, 1, 1, 1, 1, 1, 1, 1, 1, 1, 1
alu-acseon.kdhtjpb.md.ci, 1, 37, 0, 0, 0, 0, 0, 1, 1, 0, 0, 4, 1, 0, 0, 1, 0, 0, 0, 1, 0, 0, 0, 0, 0, 1, 1, 1, 1, 1, 1, 1, 1, 1, 1, 1
alu-acseon.kgmhocn.md.ci, 1, 37, 0, 0, 0, 0, 0, 1, 1, 0, 0, 4, 1, 0, 0, 1, 0, 0, 0, 1, 0, 0, 0, 0, 0, 1, 1, 1, 1, 1, 1, 1, 1, 1, 1, 1
alu-acseon.klegtvh.md.ci, 1, 37, 0, 0, 0, 0, 0, 1, 1, 0, 0, 4, 1, 0, 0, 1, 0, 0, 0, 1, 0, 0, 0, 0, 0, 1, 1, 1, 1, 1, 1, 1, 1, 1, 1, 1
alu-acseon.kmlzplh.md.ci, 1, 37, 0, 0, 0, 0, 0, 1, 1, 0, 0, 4, 1, 0, 0, 1, 0, 0, 0, 1, 0, 0, 0, 0, 0, 1, 1, 1, 1, 1, 1, 1, 1, 1, 1, 1
alu-acseon.ksfpwhz.md.ci, 1, 37, 0, 0, 0, 0, 0, 1, 1, 0, 0, 4, 1, 0, 0, 1, 0, 0, 0, 1, 0, 0, 0, 0, 0, 1, 1, 1, 1, 1, 1, 1, 1, 1, 1, 1
alu-acseon.lbzoyyn.md.ci, 1, 37, 0, 0, 0, 0, 0, 1, 1, 0, 0, 4, 1, 0, 0, 1, 0, 0, 0, 1, 0, 0, 0, 0, 0, 1, 1, 1, 1, 1, 1, 1, 1, 1, 1, 1
alu-acseon.llvobwd.md.ci, 1, 37, 0, 0, 0, 0, 0, 1, 1, 0, 0, 4, 1, 0, 0, 1, 0, 0, 0, 1, 0, 0, 0, 0, 0, 1, 1, 1, 1, 1, 1, 1, 1, 1, 1, 1
alu-acseon.mlixwvt.md.ci, 1, 37, 0, 0, 0, 0, 0, 1, 1, 0, 0, 4, 1, 0, 0, 1, 0, 0, 0, 1, 0, 0, 0, 0, 0, 1, 1, 1, 1, 1, 1, 1, 1, 1, 1, 1
alu-acseon.mrbskvo.md.ci, 1, 37, 0, 0, 0, 0, 0, 1, 1, 0, 0, 4, 1, 0, 0, 1, 0, 0, 0, 1, 0, 0, 0, 0, 0, 1, 1, 1, 1, 1, 1, 1, 1, 1, 1, 1
alu-acseon.negmgmr.md.ci, 1, 37, 0, 0, 0, 0, 0, 1, 1, 0, 0, 4, 1, 0, 0, 1, 0, 0, 0, 1, 0, 0, 0, 0, 0, 1, 1, 1, 1, 1, 1, 1, 1, 1, 1, 1
alu-acseon.nwancwb.md.ci, 1, 37, 0, 0, 0, 0, 0, 1, 1, 0, 0, 4, 1, 0, 0, 1, 0, 0, 0, 1, 0, 0, 0, 0, 0, 1, 1, 1, 1, 1, 1, 1, 1, 1, 1, 1
alu-acseon.odtjbmi.md.ci, 1, 37, 0, 0, 0, 0, 0, 1, 1, 0, 0, 4, 1, 0, 0, 1, 0, 0, 0, 1, 0, 0, 0, 0, 0, 1, 1, 1, 1, 1, 1, 1, 1, 1, 1, 1
alu-acseon.odtrkjl.md.ci, 1, 37, 0, 0, 0, 0, 0, 1, 1, 0, 0, 4, 1, 0, 0, 1, 0, 0, 0, 1, 0, 0, 0, 0, 0, 1, 1, 1, 1, 1, 1, 1, 1, 1, 1, 1
alu-acseon.ohksiwc.md.ci, 1, 37, 0, 0, 0, 0, 0, 1, 1, 0, 0, 4, 1, 0, 0, 1, 0, 0, 0, 1, 0, 0, 0, 0, 0, 1, 1, 1, 1, 1, 1, 1, 1, 1, 1, 1
point-next-7000000552649782.tk, 1, 60, 1, 0, 0, 1, 0, 0, 1, 0, 0, 2, 2, 2, 0, 1, 0, 0, 16, 23, 0, 0, 0, 0, 0, 1, 1, 1, 1, 1, 1, 1, 1, 1, 1, 1
alu-acseon.oqbunbq.md.ci, 1, 37, 0, 0, 0, 0, 0, 1, 1, 0, 0, 4, 1, 0, 0, 1, 0, 0, 0, 1, 0, 0, 0, 0, 0, 1, 1, 1, 1, 1, 1, 1, 1, 1, 1, 1
point-next-7000000552649781.tk, 1, 60, 1, 0, 0, 1, 0, 0, 1, 0, 0, 2, 2, 2, 0, 1, 0, 0, 16, 23, 0, 0, 0, 0, 0, 1, 1, 1, 1, 1, 1, 1, 1, 1, 1, 1
alu-acseon.pbzwcdh.md.ci, 1, 37, 0, 0, 0, 0, 0, 1, 1, 0, 0, 4, 1, 0, 0, 1, 0, 0, 0, 1, 0, 0, 0, 0, 0, 1, 1, 1, 1, 1, 1, 1, 1, 1, 1, 1
alu-acseon.pineavy.md.ci, 1, 37, 0, 0, 0, 0, 0, 1, 1, 0, 0, 4, 1, 0, 0, 1, 0, 0, 0, 1, 0, 0, 0, 0, 0, 1, 1, 1, 1, 1, 1, 1, 1, 1, 1, 1
alu-acseon.pkrsgrt.md.ci, 1, 37, 0, 0, 0, 0, 0, 1, 1, 0, 0, 4, 1, 0, 0, 1, 0, 0, 0, 1, 0, 0, 0, 0, 0, 1, 1, 1, 1, 1, 1, 1, 1, 1, 1, 1
alu-acseon.ppybfwd.md.ci, 1, 37, 0, 0, 0, 0, 0, 1, 1, 0, 0, 4, 1, 0, 0, 1, 0, 0, 0, 1, 0, 0, 0, 0, 0, 1, 1, 1, 1, 1, 1, 1, 1, 1, 1, 1
alu-acseon.pqvfgyk.md.ci, 1, 37, 0, 0, 0, 0, 0, 1, 1, 0, 0, 4, 1, 0, 0, 1, 0, 0, 0, 1, 0, 0, 0, 0, 0, 1, 1, 1, 1, 1, 1, 1, 1, 1, 1, 1
alu-acseon.qbxapqr.md.ci, 1, 37, 0, 0, 0, 0, 0, 1, 1, 0, 0, 4, 1, 0, 0, 1, 0, 0, 0, 1, 0, 0, 0, 0, 0, 1, 1, 1, 1, 1, 1, 1, 1, 1, 1, 1
point-next-7000000552649784.tk, 1, 60, 1, 0, 0, 1, 0, 0, 1, 0, 0, 2, 2, 2, 0, 1, 0, 0, 16, 23, 0, 0, 0, 0, 0, 1, 1, 1, 1, 1, 1, 1, 1, 1, 1, 1
alu-acseon.qcfntbp.md.ci, 1, 37, 0, 0, 0, 0, 0, 1, 1, 0, 0, 4, 1, 0, 0, 1, 0, 0, 0, 1, 0, 0, 0, 0, 0, 1, 1, 1, 1, 1, 1, 1, 1, 1, 1, 1
alu-acseon.qclhyld.md.ci, 1, 37, 0, 0, 0, 0, 0, 1, 1, 0, 0, 4, 1, 0, 0, 1, 0, 0, 0, 1, 0, 0, 0, 0, 0, 1, 1, 1, 1, 1, 1, 1, 1, 1, 1, 1
alu-acseon.qybpyez.md.ci, 1, 37, 0, 0, 0, 0, 0, 1, 1, 0, 0, 4, 1, 0, 0, 1, 0, 0, 0, 1, 0, 0, 0, 0, 0, 1, 1, 1, 1, 1, 1, 1, 1, 1, 1, 1
alu-acseon.rlbwlzi.md.ci, 1, 37, 0, 0, 0, 0, 0, 1, 1, 0, 0, 4, 1, 0, 0, 1, 0, 0, 0, 1, 0, 0, 0, 0, 0, 1, 1, 1, 1, 1, 1, 1, 1, 1, 1, 1
alu-acseon.rmsyshu.md.ci, 1, 37, 0, 0, 0, 0, 0, 1, 1, 0, 0, 4, 1, 0, 0, 1, 0, 0, 0, 1, 0, 0, 0, 0, 0, 1, 1, 1, 1, 1, 1, 1, 1, 1, 1, 1
point-next-7000000552649789.tk, 1, 60, 1, 0, 0, 1, 0, 0, 1, 0, 0, 2, 2, 2, 0, 1, 0, 0, 16, 23, 0, 0, 0, 0, 0, 1, 1, 1, 1, 1, 1, 1, 1, 1, 1, 1
alu-acseon.rrgamjd.md.ci, 1, 37, 0, 0, 0, 0, 0, 1, 1, 0, 0, 4, 1, 0, 0, 1, 0, 0, 0, 1, 0, 0, 0, 0, 0, 1, 1, 1, 1, 1, 1, 1, 1, 1, 1, 1
point-next-7000000552649783.tk, 1, 60, 1, 0, 0, 1, 0, 0, 1, 0, 0, 2, 2, 2, 0, 1, 0, 0, 16, 23, 0, 0, 0, 0, 0, 1, 1, 1, 1, 1, 1, 1, 1, 1, 1, 1
point-next-7000000552649785.tk, 1, 60, 1, 0, 0, 1, 0, 0, 1, 0, 0, 2, 2, 2, 0, 1, 0, 0, 16, 23, 0, 0, 0, 0, 0, 1, 1, 1, 1, 1, 1, 1, 1, 1, 1, 1
alu-acseon.rxunlrz.md.ci, 1, 37, 0, 0, 0, 0, 0, 1, 1, 0, 0, 4, 1, 0, 0, 1, 0, 0, 0, 1, 0, 0, 0, 0, 0, 1, 1, 1, 1, 1, 1, 1, 1, 1, 1, 1
alu-acseon.sdmejzy.md.ci, 1, 37, 0, 0, 0, 0, 0, 1, 1, 0, 0, 4, 1, 0, 0, 1, 0, 0, 0, 1, 0, 0, 0, 0, 0, 1, 1, 1, 1, 1, 1, 1, 1, 1, 1, 1
point-next-7000000552649788.tk, 1, 60, 1, 0, 0, 1, 0, 0, 1, 0, 0, 2, 2, 2, 0, 1, 0, 0, 16, 23, 0, 0, 0, 0, 0, 1, 1, 1, 1, 1, 1, 1, 1, 1, 1, 1
alu-acseon.sstqyki.md.ci, 1, 37, 0, 0, 0, 0, 0, 1, 1, 0, 0, 4, 1, 0, 0, 1, 0, 0, 0, 1, 0, 0, 0, 0, 0, 1, 1, 1, 1, 1, 1, 1, 1, 1, 1, 1
alu-acseon.thttnbc.md.ci, 1, 37, 0, 0, 0, 0, 0, 1, 1, 0, 0, 4, 1, 0, 0, 1, 0, 0, 0, 1, 0, 0, 0, 0, 0, 1, 1, 1, 1, 1, 1, 1, 1, 1, 1, 1
alu-acseon.tjuexwb.md.ci, 1, 37, 0, 0, 0, 0, 0, 1, 1, 0, 0, 4, 1, 0, 0, 1, 0, 0, 0, 1, 0, 0, 0, 0, 0, 1, 1, 1, 1, 1, 1, 1, 1, 1, 1, 1
point-next-7000000552649787.tk, 1, 58, 1, 0, 0, 1, 0, 0, 1, 0, 0, 2, 2, 1, 0, 1, 0, 0, 16, 21, 0, 0, 0, 0, 0, 1, 1, 1, 1, 1, 1, 1, 1, 1, 1, 1
alu-acseon.tninofd.md.ci, 1, 37, 0, 0, 0, 0, 0, 1, 1, 0, 0, 4, 1, 0, 0, 1, 0, 0, 0, 1, 0, 0, 0, 0, 0, 1, 1, 1, 1, 1, 1, 1, 1, 1, 1, 1
is.gd, 1, 34, 1, 0, 0, 0, 0, 0, 1, 0, 0, 1, 0, 0, 0, 1, 0, 0, 3, 7, 13, 1, 0, 0, 1, 0, 1, 1, 1, 0, 0, 0, 0, 0, 0, 1
alu-acseon.tpamdxr.md.ci, 1, 37, 0, 0, 0, 0, 0, 1, 1, 0, 0, 4, 1, 0, 0, 1, 0, 0, 0, 1, 0, 0, 0, 0, 0, 1, 1, 1, 1, 1, 1, 1, 1, 1, 1, 1
alu-acseon.tqoyyjv.md.ci, 1, 37, 0, 0, 0, 0, 0, 1, 1, 0, 0, 4, 1, 0, 0, 1, 0, 0, 0, 1, 0, 0, 0, 0, 0, 1, 1, 1, 1, 1, 1, 1, 1, 1, 1, 1
alu-acseon.ualhddy.md.ci, 1, 37, 0, 0, 0, 0, 0, 1, 1, 0, 0, 4, 1, 0, 0, 1, 0, 0, 0, 1, 0, 0, 0, 0, 0, 1, 1, 1, 1, 1, 1, 1, 1, 1, 1, 1
alu-acseon.uggrcfp.md.ci, 1, 37, 0, 0, 0, 0, 0, 1, 1, 0, 0, 4, 1, 0, 0, 1, 0, 0, 0, 1, 0, 0, 0, 0, 0, 1, 1, 1, 1, 1, 1, 1, 1, 1, 1, 1
alu-acseon.uickyad.md.ci, 1, 37, 0, 0, 0, 0, 0, 1, 1, 0, 0, 4, 1, 0, 0, 1, 0, 0, 0, 1, 0, 0, 0, 0, 0, 1, 1, 1, 1, 1, 1, 1, 1, 1, 1, 1
alu-acseon.uryxwna.md.ci, 1, 37, 0, 0, 0, 0, 0, 1, 1, 0, 0, 4, 1, 0, 0, 1, 0, 0, 0, 1, 0, 0, 0, 0, 0, 1, 1, 1, 1, 1, 1, 1, 1, 1, 1, 1
alu-acseon.utsbvql.md.ci, 1, 37, 0, 0, 0, 0, 0, 1, 1, 0, 0, 4, 1, 0, 0, 1, 0, 0, 0, 1, 0, 0, 0, 0, 0, 1, 1, 1, 1, 1, 1, 1, 1, 1, 1, 1
alu-acseon.utsxifm.md.ci, 1, 37, 0, 0, 0, 0, 0, 1, 1, 0, 0, 4, 1, 0, 0, 1, 0, 0, 0, 1, 0, 0, 0, 0, 0, 1, 1, 1, 1, 1, 1, 1, 1, 1, 1, 1
alu-acseon.vclvixu.md.ci, 1, 37, 0, 0, 0, 0, 0, 1, 1, 0, 0, 4, 1, 0, 0, 1, 0, 0, 0, 1, 0, 0, 0, 0, 0, 1, 1, 1, 1, 1, 1, 1, 1, 1, 1, 1
alu-acseon.veyfzrl.md.ci, 1, 37, 0, 0, 0, 0, 0, 1, 1, 0, 0, 4, 1, 0, 0, 1, 0, 0, 0, 1, 0, 0, 0, 0, 0, 1, 1, 1, 1, 1, 1, 1, 1, 1, 1, 1
alu-acseon.vjzhdol.md.ci, 1, 37, 0, 0, 0, 0, 0, 1, 1, 0, 0, 4, 1, 0, 0, 1, 0, 0, 0, 1, 0, 0, 0, 0, 0, 1, 1, 1, 1, 1, 1, 1, 1, 1, 1, 1
alu-acseon.vonvwwm.md.ci, 1, 37, 0, 0, 0, 0, 0, 1, 1, 0, 0, 4, 1, 0, 0, 1, 0, 0, 0, 1, 0, 0, 0, 0, 0, 1, 1, 1, 1, 1, 1, 1, 1, 1, 1, 1
alu-acseon.vtsoqbc.md.ci, 1, 37, 0, 0, 0, 0, 0, 1, 1, 0, 0, 4, 1, 0, 0, 1, 0, 0, 0, 1, 0, 0, 0, 0, 0, 1, 1, 1, 1, 1, 1, 1, 1, 1, 1, 1
alu-acseon.wdjdvle.md.ci, 1, 37, 0, 0, 0, 0, 0, 1, 1, 0, 0, 4, 1, 0, 0, 1, 0, 0, 0, 1, 0, 0, 0, 0, 0, 1, 1, 1, 1, 1, 1, 1, 1, 1, 1, 1
alu-acseon.whrzmla.md.ci, 1, 37, 0, 0, 0, 0, 0, 1, 1, 0, 0, 4, 1, 0, 0, 1, 0, 0, 0, 1, 0, 0, 0, 0, 0, 1, 1, 1, 1, 1, 1, 1, 1, 1, 1, 1
alu-acseon.wlbpfxe.md.ci, 1, 37, 0, 0, 0, 0, 0, 1, 1, 0, 0, 4, 1, 0, 0, 1, 0, 0, 0, 1, 0, 0, 0, 0, 0, 1, 1, 1, 1, 1, 1, 1, 1, 1, 1, 1
alu-acseon.wrxflqk.md.ci, 1, 37, 0, 0, 0, 0, 0, 1, 1, 0, 0, 4, 1, 0, 0, 1, 0, 0, 0, 1, 0, 0, 0, 0, 0, 1, 1, 1, 1, 1, 1, 1, 1, 1, 1, 1
alu-acseon.xfvbbvz.md.ci, 1, 37, 0, 0, 0, 0, 0, 1, 1, 0, 0, 4, 1, 0, 0, 1, 0, 0, 0, 1, 0, 0, 0, 0, 0, 1, 1, 1, 1, 1, 1, 1, 1, 1, 1, 1
alu-acseon.zrojatj.md.ci, 1, 37, 0, 0, 0, 0, 0, 1, 1, 0, 0, 4, 1, 0, 0, 1, 0, 0, 0, 1, 0, 0, 0, 0, 0, 1, 1, 1, 1, 1, 1, 1, 1, 1, 1, 1
alu-acseon.zxtzijt.md.ci, 1, 37, 0, 0, 0, 0, 0, 1, 1, 0, 0, 4, 1, 0, 0, 1, 0, 0, 0, 1, 0, 0, 0, 0, 0, 1, 1, 1, 1, 1, 1, 1, 1, 1, 1, 1
https.meta-pages90323485892793359907.m1ho2i7fmj-eqg35wpn23xn.p.runcloud.link, 1, 84, 0, 0, 0, 1, 0, 1, 1, 1, 0, 5, 2, 0, 0, 1, 0, 0, 27, 1, 0, 0, 0, 0, 0, 1, 1, 1, 1, 0, 0, 1, 1, 1, 1, 1
aolserver56434.weebly.com, 1, 34, 0, 0, 0, 0, 0, 1, 1, 0, 0, 2, 0, 0, 0, 1, 0, 0, 5, 1, 0, 0, 0, 0, 0, 0, 1, 1, 1, 1, 1, 0, 0, 0, 0, 1
mobile.meta-pages.workers.dev, 1, 38, 0, 0, 0, 0, 0, 1, 1, 0, 0, 3, 1, 0, 0, 1, 0, 0, 0, 1, 0, 0, 0, 0, 0, 1, 1, 1, 1, 1, 1, 0, 0, 0, 0, 1
urlz.fr, 1, 37, 1, 0, 0, 1, 0, 0, 1, 0, 0, 1, 0, 0, 0, 1, 0, 0, 0, 5, 17, 0, 0, 0, 0, 0, 1, 1, 1, 0, 0, 0, 0, 0, 0, 1
page-recovery-identity2022.co, 1, 50, 1, 0, 0, 1, 0, 0, 1, 0, 0, 2, 2, 0, 0, 1, 0, 0, 4, 14, 0, 1, 0, 0, 0, 1, 1, 1, 1, 1, 1, 0, 0, 0, 0, 1
https.meta-pages91427550145485432738.m1ho2i7fmj-eqg35wpn23xn.p.runcloud.link, 1, 84, 0, 0, 0, 1, 0, 1, 1, 1, 0, 5, 2, 0, 0, 1, 0, 0, 27, 1, 0, 0, 0, 0, 0, 1, 1, 1, 1, 0, 0, 1, 1, 1, 1, 1
https.meta-pages36972549887328847895.m1ho2i7fmj-eqg35wpn23xn.p.runcloud.link, 1, 84, 0, 0, 0, 1, 0, 1, 1, 1, 0, 5, 2, 0, 0, 1, 0, 0, 27, 1, 0, 0, 0, 0, 0, 1, 1, 1, 1, 0, 0, 1, 1, 1, 1, 1
app.redirect-pages-meta.m1ho2i7fmj-eqg35wpn23xn.p.runcloud.link, 1, 71, 0, 0, 0, 1, 0, 1, 1, 0, 0, 5, 3, 0, 0, 1, 0, 0, 7, 1, 0, 0, 0, 0, 0, 1, 1, 1, 1, 0, 0, 1, 1, 1, 1, 1
app.redirect-pages-meta.m1ho2i7fmj-eqg35wpn23xn.p.runcloud.link, 1, 71, 0, 0, 0, 1, 0, 1, 1, 0, 0, 5, 3, 0, 0, 1, 0, 0, 7, 1, 0, 0, 0, 0, 0, 1, 1, 1, 1, 1, 1, 1, 1, 1, 1, 1
app.redirect-pages-meta.m1ho2i7fmj-eqg35wpn23xn.p.runcloud.link, 1, 70, 0, 0, 0, 1, 0, 1, 1, 0, 0, 5, 3, 0, 0, 1, 0, 0, 7, 0, 0, 0, 0, 0, 0, 1, 1, 1, 1, 1, 1, 1, 1, 1, 1, 1
tiny.cc, 1, 21, 1, 0, 0, 1, 0, 0, 1, 0, 0, 1, 0, 0, 0, 1, 0, 0, 0, 7, 0, 0, 0, 0, 1, 0, 1, 1, 1, 1, 1, 0, 0, 0, 0, 1
repairserviceprotectionsupport.gq, 1, 41, 0, 0, 0, 1, 0, 0, 1, 0, 0, 1, 0, 0, 0, 1, 0, 0, 0, 1, 0, 0, 0, 0, 0, 0, 1, 1, 1, 1, 1, 1, 1, 1, 1, 1
confirmyourpage.co.vu, 1, 29, 0, 0, 0, 1, 0, 1, 1, 0, 0, 2, 0, 0, 0, 1, 0, 0, 0, 1, 0, 1, 0, 0, 0, 0, 1, 1, 1, 1, 1, 0, 0, 0, 0, 1
pyaty.000webhostapp.com, 1, 52, 2, 0, 0, 0, 0, 1, 1, 0, 0, 3, 0, 0, 0, 1, 0, 0, 3, 21, 0, 1, 0, 0, 0, 0, 1, 1, 1, 1, 1, 0, 0, 0, 0, 1
dramesa.juanshetyuolajurantykas.link, 1, 44, 0, 0, 0, 1, 0, 1, 1, 0, 0, 2, 0, 0, 0, 1, 0, 0, 0, 1, 0, 0, 0, 0, 0, 0, 1, 1, 1, 1, 1, 0, 0, 0, 0, 1
cnfrmprsnldata.co.vu, 1, 41, 1, 0, 0, 1, 0, 1, 1, 0, 0, 3, 0, 0, 0, 1, 0, 0, 0, 14, 0, 1, 0, 0, 0, 0, 1, 1, 1, 1, 1, 0, 0, 0, 0, 1
recoratu.sterikolabhertuanusiamera.link, 1, 47, 0, 0, 0, 1, 0, 1, 1, 0, 0, 2, 0, 0, 0, 1, 0, 0, 0, 1, 0, 0, 0, 0, 0, 0, 1, 1, 1, 1, 1, 0, 0, 0, 0, 1
nusaefa.tuskilenstileawitesokemog.link, 1, 46, 0, 0, 0, 1, 0, 1, 1, 0, 0, 2, 0, 0, 0, 1, 0, 0, 0, 1, 0, 0, 0, 0, 0, 0, 1, 1, 1, 1, 1, 0, 0, 0, 0, 1
1btserver.weebly.com, 1, 29, 0, 0, 0, 0, 0, 1, 1, 0, 0, 2, 0, 0, 0, 1, 0, 0, 1, 1, 0, 0, 0, 0, 0, 0, 1, 1, 1, 1, 1, 0, 0, 0, 0, 1
76coxconnectupdate.weebly.com, 1, 38, 0, 0, 0, 0, 0, 1, 1, 0, 0, 2, 0, 0, 0, 1, 0, 0, 2, 1, 0, 0, 0, 0, 0, 0, 1, 1, 1, 1, 1, 0, 0, 0, 0, 1
92coxconnectupdate.weebly.com, 1, 38, 0, 0, 0, 0, 0, 1, 1, 0, 0, 2, 0, 0, 0, 1, 0, 0, 2, 1, 0, 0, 0, 0, 0, 0, 1, 1, 1, 1, 1, 0, 0, 0, 0, 1
109coxconnectupdate.weebly.com, 1, 39, 0, 0, 0, 0, 0, 1, 1, 0, 0, 2, 0, 0, 0, 1, 0, 0, 3, 1, 0, 0, 0, 0, 0, 0, 1, 1, 1, 1, 1, 0, 0, 0, 0, 1
123443sky.weebly.com, 1, 29, 0, 0, 0, 0, 0, 1, 1, 0, 0, 2, 0, 0, 0, 1, 0, 0, 6, 1, 0, 0, 0, 0, 0, 0, 1, 1, 1, 1, 1, 0, 0, 0, 0, 1
a4tofghyg.weebly.com, 1, 29, 0, 0, 0, 0, 0, 1, 1, 0, 0, 2, 0, 0, 0, 1, 0, 0, 1, 1, 0, 0, 0, 0, 0, 0, 1, 1, 1, 1, 1, 0, 0, 0, 0, 1
aaoolalalamemnerbe.weebly.com, 1, 38, 0, 0, 0, 0, 0, 1, 1, 0, 0, 2, 0, 0, 0, 1, 0, 0, 0, 1, 0, 0, 0, 0, 0, 0, 1, 1, 1, 1, 1, 0, 0, 0, 0, 1
acctdis.weebly.com, 1, 27, 0, 0, 0, 0, 0, 1, 1, 0, 0, 2, 0, 0, 0, 1, 0, 0, 0, 1, 0, 0, 0, 0, 0, 0, 1, 1, 1, 1, 1, 0, 0, 0, 0, 1
aktualisiertecomamazodid.weebly.com, 1, 44, 0, 0, 0, 0, 0, 1, 1, 0, 0, 2, 0, 0, 0, 1, 0, 0, 0, 1, 0, 0, 0, 0, 0, 0, 1, 1, 1, 1, 1, 0, 0, 0, 0, 1
allforattym.weebly.com, 1, 31, 0, 0, 0, 0, 0, 1, 1, 0, 0, 2, 0, 0, 0, 1, 0, 0, 0, 1, 0, 0, 0, 0, 0, 0, 1, 1, 1, 1, 1, 0, 0, 0, 0, 1
aoldennetwork.weebly.com, 1, 33, 0, 0, 0, 0, 0, 1, 1, 0, 0, 2, 0, 0, 0, 1, 0, 0, 0, 1, 0, 0, 0, 0, 0, 0, 1, 1, 1, 1, 1, 0, 0, 0, 0, 1
aolmail003.weebly.com, 1, 30, 0, 0, 0, 0, 0, 1, 1, 0, 0, 2, 0, 0, 0, 1, 0, 0, 3, 1, 0, 0, 0, 0, 0, 0, 1, 1, 1, 1, 1, 0, 0, 0, 0, 1
aolsignificantservice.weebly.com, 1, 41, 0, 0, 0, 0, 0, 1, 1, 0, 0, 2, 0, 0, 0, 1, 0, 0, 0, 1, 0, 0, 0, 0, 0, 0, 1, 1, 1, 1, 1, 0, 0, 0, 0, 1
d420028-33.firebaseapp.com, 1, 35, 0, 0, 0, 0, 0, 1, 1, 0, 0, 2, 1, 0, 0, 1, 0, 0, 8, 1, 0, 0, 0, 0, 0, 1, 1, 1, 1, 1, 1, 0, 0, 0, 0, 1
emailmalyisud.weebly.com, 1, 33, 0, 0, 0, 0, 0, 1, 1, 0, 0, 2, 0, 0, 0, 1, 0, 0, 0, 1, 0, 0, 0, 0, 0, 0, 1, 1, 1, 1, 1, 0, 0, 0, 0, 1
ethnikitrapeza23.godaddysites.com, 1, 42, 0, 0, 0, 0, 0, 1, 1, 0, 0, 2, 0, 0, 0, 1, 0, 0, 2, 1, 0, 0, 0, 0, 0, 0, 1, 1, 1, 1, 1, 0, 0, 0, 0, 1
fjkhkvkdkapoolll.weebly.com, 1, 36, 0, 0, 0, 0, 0, 1, 1, 0, 0, 2, 0, 0, 0, 1, 0, 0, 0, 1, 0, 0, 0, 0, 0, 0, 1, 1, 1, 1, 1, 0, 0, 0, 0, 1
gfhgfrtsrtylld-do3acsjt5v916572.codeanyapp.com, 1, 66, 1, 0, 0, 0, 0, 1, 1, 0, 0, 2, 1, 0, 0, 1, 0, 0, 8, 12, 0, 0, 0, 0, 0, 1, 1, 1, 1, 1, 1, 1, 1, 1, 1, 1
gfhgfrtsrtylld-do3acsjt5v916572.codeanyapp.com, 1, 66, 1, 0, 0, 0, 0, 1, 1, 0, 0, 2, 1, 0, 0, 1, 0, 0, 8, 12, 0, 0, 0, 0, 0, 1, 1, 1, 1, 1, 1, 1, 1, 1, 1, 1
hounds2020-2021.weebly.com, 1, 35, 0, 0, 0, 0, 0, 1, 1, 0, 0, 2, 1, 0, 0, 1, 0, 0, 8, 1, 0, 0, 0, 0, 0, 1, 1, 1, 1, 1, 1, 0, 0, 0, 0, 1
hsugdfhbhfbh.weebly.com, 1, 32, 0, 0, 0, 0, 0, 1, 1, 0, 0, 2, 0, 0, 0, 1, 0, 0, 0, 1, 0, 0, 0, 0, 0, 0, 1, 1, 1, 1, 1, 0, 0, 0, 0, 1
igcorpertaion.weebly.com, 1, 33, 0, 0, 0, 0, 0, 1, 1, 0, 0, 2, 0, 0, 0, 1, 0, 0, 0, 1, 0, 0, 0, 0, 0, 0, 1, 1, 1, 1, 1, 0, 0, 0, 0, 1
internalvareisgodois.firebaseapp.com, 1, 45, 0, 0, 0, 0, 0, 1, 1, 0, 0, 2, 0, 0, 0, 1, 0, 0, 0, 1, 0, 0, 0, 0, 0, 0, 1, 1, 1, 1, 1, 0, 0, 0, 0, 1
internalvareisgodois.web.app, 1, 37, 0, 0, 0, 0, 0, 1, 1, 0, 0, 2, 0, 0, 0, 1, 0, 0, 0, 1, 0, 0, 0, 0, 0, 0, 1, 1, 1, 1, 1, 0, 0, 0, 0, 1
neworderlist.weebly.com, 1, 32, 0, 0, 0, 0, 0, 1, 1, 0, 0, 2, 0, 0, 0, 1, 0, 0, 0, 1, 0, 0, 0, 0, 0, 0, 1, 1, 1, 1, 1, 0, 0, 0, 0, 1
verifydapps.albana-constructions.com, 1, 49, 0, 0, 0, 0, 0, 1, 1, 0, 0, 3, 1, 0, 0, 1, 0, 0, 0, 1, 0, 0, 0, 0, 0, 1, 1, 1, 1, 1, 1, 1, 1, 1, 1, 1
nkkfdkrktkhjkrthjhjr.weebly.com, 1, 40, 0, 0, 0, 0, 0, 1, 1, 0, 0, 2, 0, 0, 0, 1, 0, 0, 0, 1, 0, 0, 0, 0, 0, 0, 1, 1, 1, 1, 1, 0, 0, 0, 0, 1
notifyaolverifyprocess.weebly.com, 1, 42, 0, 0, 0, 0, 0, 1, 1, 0, 0, 2, 0, 0, 0, 1, 0, 0, 0, 1, 0, 0, 0, 0, 0, 0, 1, 1, 1, 1, 1, 0, 0, 0, 0, 1
office356helpdesk.weebly.com, 1, 37, 0, 0, 0, 0, 0, 1, 1, 0, 0, 2, 0, 0, 0, 1, 0, 0, 3, 1, 0, 0, 0, 0, 0, 0, 1, 1, 1, 1, 1, 0, 0, 0, 0, 1
okay99-update2022.firebaseapp.com, 1, 60, 2, 0, 0, 0, 0, 1, 1, 0, 0, 3, 1, 0, 0, 1, 0, 0, 6, 19, 0, 2, 0, 0, 0, 1, 1, 1, 1, 1, 1, 0, 0, 0, 0, 1
okay99-update2022.web.app, 1, 52, 2, 0, 0, 0, 0, 1, 1, 0, 0, 3, 1, 0, 0, 1, 0, 0, 6, 19, 0, 2, 0, 0, 0, 1, 1, 1, 1, 1, 1, 0, 0, 0, 0, 1
pemblokiran-facebookk.weebly.com, 1, 41, 0, 0, 0, 0, 0, 1, 1, 0, 0, 2, 1, 0, 0, 1, 0, 0, 0, 1, 0, 0, 0, 0, 0, 1, 1, 1, 1, 1, 1, 0, 0, 0, 0, 1
recentwebservesmaills.weebly.com, 1, 41, 0, 0, 0, 0, 0, 1, 1, 0, 0, 2, 0, 0, 0, 1, 0, 0, 0, 1, 0, 0, 0, 0, 0, 0, 1, 1, 1, 1, 1, 0, 0, 0, 0, 1
servicemanagementatservice.weebly.com, 1, 46, 0, 0, 0, 0, 0, 1, 1, 0, 0, 2, 0, 0, 0, 1, 0, 0, 0, 1, 0, 0, 0, 0, 0, 0, 1, 1, 1, 1, 1, 0, 0, 0, 0, 1
servicemanagementatt876.weebly.com, 1, 43, 0, 0, 0, 0, 0, 1, 1, 0, 0, 2, 0, 0, 0, 1, 0, 0, 3, 1, 0, 0, 0, 0, 0, 0, 1, 1, 1, 1, 1, 0, 0, 0, 0, 1
sgpost-id3217.firebaseapp.com, 1, 38, 0, 0, 0, 0, 0, 1, 1, 0, 0, 2, 1, 0, 0, 1, 0, 0, 4, 1, 0, 0, 0, 0, 0, 1, 1, 1, 1, 1, 1, 0, 0, 0, 0, 1
sgpost-id3217.web.app, 1, 30, 0, 0, 0, 0, 0, 1, 1, 0, 0, 2, 1, 0, 0, 1, 0, 0, 4, 1, 0, 0, 0, 0, 0, 1, 1, 1, 1, 1, 1, 0, 0, 0, 0, 1
sjhjhcjhc.weebly.com, 1, 29, 0, 0, 0, 0, 0, 1, 1, 0, 0, 2, 0, 0, 0, 1, 0, 0, 0, 1, 0, 0, 0, 0, 0, 0, 1, 1, 1, 1, 1, 0, 0, 0, 0, 1
skksjksjsy.weebly.com, 1, 30, 0, 0, 0, 0, 0, 1, 1, 0, 0, 2, 0, 0, 0, 1, 0, 0, 0, 1, 0, 0, 0, 0, 0, 0, 1, 1, 1, 1, 1, 0, 0, 0, 0, 1
skyyyyyweeeerrr.weebly.com, 1, 35, 0, 0, 0, 0, 0, 1, 1, 0, 0, 2, 0, 0, 0, 1, 0, 0, 0, 1, 0, 0, 0, 0, 0, 0, 1, 1, 1, 1, 1, 0, 0, 0, 0, 1
ssddgghfgds.weebly.com, 1, 31, 0, 0, 0, 0, 0, 1, 1, 0, 0, 2, 0, 0, 0, 1, 0, 0, 0, 1, 0, 0, 0, 0, 0, 0, 1, 1, 1, 1, 1, 0, 0, 0, 0, 1
subonweeaolbblyonapps.weebly.com, 1, 41, 0, 0, 0, 0, 0, 1, 1, 0, 0, 2, 0, 0, 0, 1, 0, 0, 0, 1, 0, 0, 0, 0, 0, 0, 1, 1, 1, 1, 1, 0, 0, 0, 0, 1
tbillexchange.weebly.com, 1, 33, 0, 0, 0, 0, 0, 1, 1, 0, 0, 2, 0, 0, 0, 1, 0, 0, 0, 1, 0, 0, 0, 0, 0, 0, 1, 1, 1, 1, 1, 0, 0, 0, 0, 1
trytyuaol.weebly.com, 1, 29, 0, 0, 0, 0, 0, 1, 1, 0, 0, 2, 0, 0, 0, 1, 0, 0, 0, 1, 0, 0, 0, 0, 0, 0, 1, 1, 1, 1, 1, 0, 0, 0, 0, 1
turnmaildomain.weebly.com, 1, 34, 0, 0, 0, 0, 0, 1, 1, 0, 0, 2, 0, 0, 0, 1, 0, 0, 0, 1, 0, 0, 0, 0, 0, 0, 1, 1, 1, 1, 1, 0, 0, 0, 0, 1
webpicszoosk11.weebly.com, 1, 34, 0, 0, 0, 0, 0, 1, 1, 0, 0, 2, 0, 0, 0, 1, 0, 0, 2, 1, 0, 0, 0, 0, 0, 0, 1, 1, 1, 1, 1, 0, 0, 0, 0, 1
xfinityuodate.weebly.com, 1, 33, 0, 0, 0, 0, 0, 1, 1, 0, 0, 2, 0, 0, 0, 1, 0, 0, 0, 1, 0, 0, 0, 0, 0, 0, 1, 1, 1, 1, 1, 0, 0, 0, 0, 1
xfinltty.weebly.com, 1, 28, 0, 0, 0, 0, 0, 1, 1, 0, 0, 2, 0, 0, 0, 1, 0, 0, 0, 1, 0, 0, 0, 0, 0, 0, 1, 1, 1, 1, 1, 0, 0, 0, 0, 1
yahoo-pro-verificationmaildomainservicenb.weebly.com, 1, 61, 0, 0, 0, 0, 0, 1, 1, 0, 0, 2, 2, 0, 0, 1, 0, 0, 0, 1, 0, 0, 0, 0, 0, 1, 1, 1, 1, 1, 1, 0, 0, 0, 0, 1
yrnvoice.weebly.com, 1, 28, 0, 0, 0, 0, 0, 1, 1, 0, 0, 2, 0, 0, 0, 1, 0, 0, 0, 1, 0, 0, 0, 0, 0, 0, 1, 1, 1, 1, 1, 0, 0, 0, 0, 1
zig0userweb.weebly.com, 1, 31, 0, 0, 0, 0, 0, 1, 1, 0, 0, 2, 0, 0, 0, 1, 0, 0, 1, 1, 0, 0, 0, 0, 0, 0, 1, 1, 1, 1, 1, 0, 0, 0, 0, 1
zimbra-support.weebly.com, 1, 34, 0, 0, 0, 0, 0, 1, 1, 0, 0, 2, 1, 0, 0, 1, 0, 0, 0, 1, 0, 0, 0, 0, 0, 1, 1, 1, 1, 1, 1, 0, 0, 0, 0, 1
cheap-getaway.com, 1, 50, 2, 0, 0, 1, 0, 0, 1, 0, 0, 2, 1, 0, 0, 1, 1, 0, 0, 26, 0, 1, 0, 0, 0, 1, 1, 1, 1, 1, 1, 1, 1, 1, 1, 1
voicem.quest, 1, 40, 2, 0, 0, 0, 0, 0, 1, 0, 0, 2, 0, 0, 0, 1, 0, 0, 0, 20, 0, 0, 0, 0, 0, 0, 1, 1, 1, 1, 1, 1, 1, 1, 1, 1
maintain-mail-server.on.fleek.co, 1, 42, 0, 0, 0, 0, 0, 1, 1, 0, 1, 3, 2, 0, 0, 1, 0, 0, 0, 2, 0, 0, 0, 1, 0, 1, 1, 1, 1, 1, 1, 0, 0, 0, 0, 1
maintain-mail-server.on.fleek.co, 1, 41, 0, 0, 0, 0, 0, 1, 1, 0, 0, 3, 2, 0, 0, 1, 0, 0, 0, 1, 0, 0, 0, 0, 0, 1, 1, 1, 1, 1, 1, 0, 0, 0, 0, 1
dknproperties.com, 1, 93, 7, 0, 0, 0, 0, 0, 1, 0, 1, 2, 0, 0, 0, 1, 0, 0, 10, 68, 0, 3, 0, 1, 0, 0, 1, 1, 1, 1, 1, 0, 0, 0, 0, 1
syncsdatawallet.com, 1, 32, 0, 0, 0, 0, 0, 1, 1, 0, 0, 2, 0, 0, 0, 1, 0, 0, 0, 1, 0, 0, 0, 0, 1, 0, 1, 1, 1, 1, 1, 1, 1, 1, 1, 1
chainresolver.com, 1, 39, 2, 0, 0, 0, 0, 0, 1, 0, 0, 2, 0, 0, 0, 1, 0, 0, 0, 14, 0, 0, 0, 0, 0, 0, 1, 1, 1, 1, 1, 1, 1, 1, 1, 1
solveddaps.live, 1, 35, 1, 0, 0, 1, 0, 0, 1, 0, 0, 2, 0, 0, 0, 1, 0, 0, 0, 13, 0, 0, 0, 0, 0, 0, 1, 1, 1, 1, 1, 1, 1, 1, 1, 1
livesecureconnect.com, 1, 36, 1, 0, 0, 1, 0, 0, 1, 0, 0, 1, 0, 0, 0, 1, 0, 0, 0, 8, 0, 1, 0, 0, 1, 0, 1, 1, 1, 1, 1, 1, 1, 1, 1, 1
usps-track.org, 1, 26, 1, 0, 0, 0, 0, 0, 1, 0, 0, 1, 1, 0, 0, 1, 0, 0, 0, 4, 0, 0, 0, 0, 0, 1, 1, 1, 1, 1, 1, 1, 1, 1, 1, 1
tracking-deliveryship.001www.com, 1, 41, 0, 0, 0, 0, 0, 1, 1, 0, 0, 2, 1, 0, 0, 1, 0, 0, 3, 1, 0, 0, 0, 0, 0, 1, 1, 1, 1, 1, 1, 1, 1, 1, 1, 1
seotop.vn, 1, 27, 1, 0, 0, 0, 0, 0, 1, 0, 0, 1, 0, 1, 0, 1, 0, 0, 0, 10, 0, 0, 0, 0, 0, 0, 1, 1, 1, 1, 1, 0, 0, 0, 1, 1
semt.futminna.edu.ng, 1, 82, 6, 0, 0, 0, 0, 1, 1, 0, 0, 3, 0, 0, 0, 1, 0, 0, 12, 54, 0, 0, 0, 0, 0, 0, 1, 1, 1, 1, 1, 0, 0, 0, 0, 1
rollsingh.in, 1, 30, 1, 0, 0, 0, 0, 0, 1, 0, 0, 1, 0, 0, 0, 1, 0, 0, 0, 10, 0, 0, 0, 0, 0, 0, 1, 1, 1, 1, 1, 0, 0, 0, 1, 1
twitter-badgehelp.com, 1, 30, 0, 0, 0, 0, 0, 0, 1, 0, 0, 1, 1, 0, 0, 1, 0, 0, 0, 1, 0, 0, 0, 0, 0, 1, 1, 1, 1, 1, 1, 1, 1, 1, 1, 1
nvh41lbp3o.onrocket.site, 1, 49, 3, 0, 0, 0, 0, 1, 1, 0, 0, 2, 0, 0, 0, 1, 0, 0, 3, 17, 0, 0, 0, 0, 0, 0, 1, 1, 1, 1, 1, 1, 1, 1, 1, 1
opencats.gorgany.com, 1, 61, 4, 0, 0, 0, 0, 1, 1, 0, 0, 2, 0, 0, 0, 1, 0, 0, 0, 33, 0, 0, 0, 0, 0, 0, 1, 1, 1, 1, 1, 0, 0, 0, 0, 1
aarshadhaatu.com, 1, 40, 3, 0, 0, 0, 0, 0, 1, 0, 0, 1, 0, 0, 0, 1, 0, 0, 0, 16, 0, 0, 0, 0, 0, 0, 1, 1, 1, 1, 1, 0, 0, 0, 0, 1
chasebank.dressica.pk, 1, 34, 0, 0, 0, 0, 0, 1, 1, 0, 0, 3, 0, 0, 0, 1, 0, 0, 0, 1, 0, 0, 0, 0, 0, 0, 1, 1, 1, 1, 1, 0, 0, 0, 0, 1
lenkaspares.com, 1, 91, 6, 0, 0, 1, 0, 0, 1, 0, 0, 2, 0, 0, 0, 1, 0, 0, 3, 69, 0, 0, 0, 0, 0, 0, 1, 1, 1, 1, 1, 0, 0, 0, 0, 1
furnifry.com, 1, 34, 1, 0, 0, 0, 0, 1, 1, 0, 0, 2, 0, 0, 0, 1, 0, 0, 0, 10, 0, 0, 0, 0, 0, 0, 1, 1, 1, 1, 1, 0, 0, 0, 0, 1
vox2you.com.br, 1, 45, 3, 0, 0, 0, 0, 0, 1, 0, 0, 3, 0, 0, 0, 1, 0, 0, 3, 23, 0, 0, 0, 0, 0, 0, 1, 1, 1, 1, 1, 0, 0, 0, 0, 1
deconfort.ro, 1, 40, 3, 0, 0, 0, 0, 0, 1, 0, 0, 1, 0, 0, 0, 1, 0, 0, 0, 20, 0, 0, 0, 0, 0, 0, 1, 1, 1, 1, 1, 0, 0, 0, 0, 1
secure00cit.otzo.com, 1, 42, 1, 0, 0, 0, 0, 1, 1, 0, 0, 4, 0, 0, 0, 1, 0, 0, 2, 10, 0, 2, 0, 0, 0, 0, 1, 1, 1, 1, 1, 1, 1, 1, 1, 1
odcc.sa, 1, 49, 4, 0, 0, 1, 0, 0, 1, 0, 0, 1, 0, 0, 0, 1, 0, 0, 0, 35, 0, 2, 0, 0, 0, 0, 1, 1, 1, 1, 1, 0, 0, 0, 0, 1
swantutorsonline.com, 1, 43, 2, 0, 0, 0, 0, 0, 1, 0, 0, 1, 0, 0, 0, 1, 0, 0, 0, 15, 0, 0, 0, 0, 0, 0, 1, 1, 1, 1, 1, 0, 0, 0, 0, 1
microsoft-outlook365.myportfolio.com, 1, 45, 0, 0, 0, 0, 0, 1, 1, 0, 0, 2, 1, 0, 0, 1, 0, 0, 3, 1, 0, 0, 0, 0, 0, 1, 1, 1, 1, 1, 1, 0, 0, 0, 0, 1
ishwarsrishti.org, 1, 38, 2, 0, 0, 0, 0, 0, 1, 0, 0, 1, 0, 0, 0, 1, 0, 0, 0, 13, 0, 0, 0, 0, 0, 0, 1, 1, 1, 1, 1, 1, 1, 1, 1, 1
homepalmerpembrokewelshcorgidogs.com, 1, 58, 2, 0, 0, 0, 0, 0, 1, 0, 0, 1, 0, 0, 0, 1, 0, 0, 3, 14, 0, 0, 0, 0, 0, 0, 1, 1, 1, 1, 1, 1, 1, 1, 1, 1
wlc-idiomas.com, 1, 37, 2, 0, 0, 1, 0, 0, 1, 0, 0, 1, 1, 0, 0, 1, 0, 0, 0, 15, 0, 0, 0, 0, 0, 1, 1, 1, 1, 1, 1, 0, 0, 0, 0, 1
lifefy.co, 1, 28, 1, 0, 0, 0, 0, 0, 1, 0, 0, 1, 0, 0, 0, 1, 0, 0, 3, 11, 0, 0, 0, 0, 0, 0, 1, 1, 1, 1, 1, 0, 0, 0, 0, 1
speedapero24.fr, 1, 80, 7, 0, 0, 0, 0, 1, 1, 0, 0, 2, 0, 0, 0, 1, 0, 0, 2, 40, 12, 1, 0, 0, 0, 0, 1, 1, 1, 1, 1, 0, 0, 0, 0, 1
user-cnase.6s50lp.xyz, 1, 44, 2, 0, 0, 0, 0, 1, 1, 0, 0, 3, 1, 0, 0, 1, 0, 0, 3, 15, 0, 1, 0, 0, 0, 1, 1, 1, 1, 1, 1, 1, 1, 1, 1, 1
user-cnase.6s50lp.xyz, 1, 30, 0, 0, 0, 0, 0, 1, 1, 0, 0, 2, 1, 0, 0, 1, 0, 0, 3, 1, 0, 0, 0, 0, 0, 1, 1, 1, 1, 1, 1, 1, 1, 1, 1, 1
commb-securitylogin.com, 1, 32, 0, 0, 0, 0, 0, 0, 1, 0, 0, 1, 1, 0, 0, 1, 0, 0, 0, 1, 0, 1, 0, 0, 0, 1, 1, 1, 1, 1, 1, 1, 1, 1, 1, 1
maximumyou.com.au, 1, 41, 3, 0, 0, 1, 0, 0, 1, 0, 0, 2, 0, 0, 0, 1, 0, 0, 0, 17, 0, 0, 0, 0, 0, 0, 1, 1, 1, 1, 1, 0, 0, 0, 0, 1
topstocksolutions.com, 1, 48, 2, 0, 0, 1, 0, 0, 1, 0, 0, 1, 0, 1, 0, 1, 0, 0, 0, 20, 0, 0, 0, 0, 0, 0, 1, 1, 1, 1, 1, 0, 0, 0, 0, 1
onedriveonline.pages.dev, 1, 33, 0, 0, 0, 0, 0, 1, 1, 0, 0, 2, 0, 0, 0, 1, 0, 0, 0, 1, 0, 0, 0, 0, 0, 0, 1, 1, 1, 1, 1, 1, 1, 1, 1, 1
fotracevent.com, 1, 100, 7, 0, 0, 0, 0, 0, 1, 0, 0, 1, 0, 1, 0, 1, 0, 0, 5, 77, 0, 1, 0, 0, 1, 0, 1, 1, 1, 1, 1, 0, 0, 0, 0, 1
d420028-33.web.app, 1, 27, 0, 0, 0, 0, 0, 1, 1, 0, 0, 2, 1, 0, 0, 1, 0, 0, 8, 1, 0, 0, 0, 0, 0, 1, 1, 1, 1, 1, 1, 0, 0, 0, 0, 1
maiodigitalhoje18.com, 1, 143, 9, 0, 0, 0, 0, 0, 1, 0, 0, 3, 0, 2, 0, 1, 0, 0, 14, 114, 0, 0, 0, 0, 0, 0, 1, 1, 1, 1, 1, 1, 1, 1, 1, 1
headereditorpro.com, 1, 27, 0, 0, 0, 1, 0, 0, 1, 0, 0, 1, 0, 0, 0, 1, 0, 0, 0, 1, 0, 0, 0, 0, 0, 0, 1, 1, 1, 1, 1, 1, 1, 1, 1, 1
pcstech.com.py, 1, 72, 2, 0, 0, 0, 0, 0, 1, 0, 0, 2, 0, 0, 4, 1, 0, 0, 4, 50, 0, 0, 0, 0, 0, 0, 1, 1, 1, 1, 1, 0, 0, 0, 0, 1
officelinelinks.com, 1, 58, 3, 0, 0, 0, 0, 0, 1, 0, 0, 2, 0, 0, 0, 1, 0, 0, 0, 31, 0, 1, 0, 0, 0, 0, 1, 1, 1, 1, 1, 0, 0, 0, 0, 1
