twilig.semangatpuasaaa.workers.dev, 1, 43, 0, 0, 0, 0, 0, 1, 1, 0, 0, 3, 0, 0, 0, 1, 0, 0, 0, 1, 0, 0, 0, 0, 0, 0, 1, 1, 1, 1, 1, 0, 0, 0, 0, 1
drbazzpinx.topijerami.workers.dev, 1, 42, 0, 0, 0, 0, 0, 1, 1, 0, 0, 3, 0, 0, 0, 1, 0, 0, 0, 1, 0, 0, 0, 0, 0, 0, 1, 1, 1, 1, 1, 0, 0, 0, 0, 1
bit.ly, 1, 22, 1, 0, 0, 0, 0, 0, 1, 0, 0, 1, 0, 0, 0, 1, 0, 0, 2, 8, 0, 0, 0, 0, 1, 0, 1, 1, 1, 1, 1, 0, 0, 0, 0, 1
alphakongs.co, 1, 32, 0, 0, 0, 0, 0, 0, 1, 0, 0, 1, 0, 0, 0, 1, 0, 1, 0, 1, 0, 0, 0, 0, 0, 0, 1, 1, 1, 1, 1, 0, 0, 0, 0, 1
firebasestorage.googleapis.com, 1, 99, 5, 0, 0, 0, 0, 1, 1, 0, 0, 5, 0, 0, 0, 2, 1, 0, 7, 47, 13, 0, 0, 0, 1, 0, 1, 1, 1, 1, 1, 0, 0, 0, 0, 1
biturl.top, 1, 25, 1, 0, 0, 0, 0, 0, 1, 0, 0, 1, 0, 0, 0, 1, 0, 0, 1, 7, 0, 0, 0, 0, 0, 0, 1, 1, 1, 1, 1, 0, 0, 0, 0, 1
sites.google.com, 1, 59, 3, 0, 0, 0, 0, 1, 1, 0, 0, 2, 0, 0, 0, 1, 0, 0, 0, 35, 0, 0, 0, 0, 0, 0, 1, 1, 1, 1, 1, 0, 0, 0, 0, 1
storage.googleapis.com, 1, 116, 4, 0, 0, 0, 0, 1, 1, 0, 0, 3, 0, 0, 0, 1, 0, 1, 42, 37, 0, 0, 0, 0, 0, 0, 1, 1, 1, 1, 1, 0, 0, 0, 0, 1
api.whatsapp.com, 1, 62, 2, 0, 0, 0, 0, 1, 1, 0, 0, 2, 0, 0, 0, 2, 1, 0, 4, 23, 14, 0, 0, 0, 0, 0, 1, 1, 1, 1, 1, 0, 0, 0, 0, 1
vk.com, 1, 111, 1, 1, 0, 0, 0, 0, 1, 0, 0, 7, 0, 2, 0, 3, 2, 0, 18, 9, 87, 0, 0, 1, 0, 0, 1, 1, 1, 1, 1, 0, 0, 0, 0, 1
sites.google.com, 1, 44, 3, 0, 0, 0, 0, 1, 1, 0, 0, 2, 0, 0, 0, 1, 0, 0, 0, 20, 0, 0, 0, 0, 0, 0, 1, 1, 1, 1, 1, 0, 0, 0, 0, 1
dekifingsdoms.com, 1, 30, 0, 0, 0, 0, 0, 1, 1, 0, 0, 2, 0, 0, 0, 1, 0, 0, 0, 1, 0, 0, 0, 0, 0, 0, 1, 1, 1, 1, 1, 0, 0, 0, 0, 1
storage.googleapis.com, 1, 112, 2, 0, 0, 0, 0, 1, 1, 0, 0, 3, 0, 0, 0, 1, 0, 1, 3, 31, 0, 0, 0, 0, 0, 0, 1, 1, 1, 1, 1, 0, 0, 0, 0, 1
sitebuilder160409.dynadot.com, 1, 38, 0, 0, 0, 0, 0, 1, 1, 0, 0, 2, 0, 0, 0, 1, 0, 0, 6, 1, 0, 0, 0, 0, 1, 0, 1, 1, 1, 1, 1, 0, 0, 0, 0, 1
sitebuilder159442.dynadot.com, 1, 38, 0, 0, 0, 0, 0, 1, 1, 0, 0, 2, 0, 0, 0, 1, 0, 0, 6, 1, 0, 0, 0, 0, 1, 0, 1, 1, 1, 1, 1, 0, 0, 0, 0, 1
sitebuilder160378.dynadot.com, 1, 38, 0, 0, 0, 0, 0, 1, 1, 0, 0, 2, 0, 0, 0, 1, 0, 0, 6, 1, 0, 0, 0, 0, 1, 0, 1, 1, 1, 1, 1, 0, 0, 0, 0, 1
cvsr1.hyperphp.com, 1, 26, 0, 0, 0, 1, 0, 1, 1, 0, 0, 2, 0, 0, 0, 1, 0, 0, 1, 1, 0, 0, 0, 0, 0, 0, 1, 1, 1, 1, 1, 0, 0, 0, 0, 1
sites.google.com, 1, 52, 3, 0, 0, 0, 0, 1, 1, 0, 0, 2, 0, 0, 0, 1, 0, 0, 0, 28, 0, 0, 0, 0, 0, 0, 1, 1, 1, 1, 1, 0, 0, 0, 0, 1
yted23.hyperphp.com, 1, 27, 0, 0, 0, 1, 0, 1, 1, 0, 0, 2, 0, 0, 0, 1, 0, 0, 2, 1, 0, 0, 0, 0, 0, 0, 1, 1, 1, 1, 1, 0, 0, 0, 0, 1
jtbtigers.com, 1, 27, 1, 0, 0, 0, 0, 0, 1, 0, 0, 1, 0, 0, 0, 1, 0, 0, 1, 6, 0, 0, 0, 0, 0, 0, 1, 1, 1, 1, 1, 0, 0, 0, 0, 1
sitebuilder160510.dynadot.com, 1, 38, 0, 0, 0, 0, 0, 1, 1, 0, 0, 2, 0, 0, 0, 1, 0, 0, 6, 1, 0, 0, 0, 0, 1, 0, 1, 1, 1, 1, 1, 0, 0, 0, 0, 1
sites.google.com, 1, 48, 3, 0, 0, 0, 0, 1, 1, 0, 0, 2, 0, 0, 0, 1, 0, 0, 0, 24, 0, 0, 0, 0, 0, 0, 1, 1, 1, 1, 1, 0, 0, 0, 0, 1
bn01928712.ultimatefreehost.in, 1, 46, 1, 0, 0, 1, 0, 1, 1, 0, 0, 3, 0, 0, 0, 1, 0, 0, 9, 9, 0, 0, 0, 0, 0, 0, 1, 1, 1, 1, 1, 0, 0, 0, 0, 1
bn01928712.ultimatefreehost.in, 1, 38, 0, 0, 0, 1, 0, 1, 1, 0, 0, 2, 0, 0, 0, 1, 0, 0, 8, 1, 0, 0, 0, 0, 0, 0, 1, 1, 1, 1, 1, 0, 0, 0, 0, 1
urlzs.com, 1, 23, 1, 0, 0, 0, 0, 0, 1, 0, 0, 1, 0, 0, 0, 1, 0, 0, 1, 6, 0, 0, 0, 0, 0, 0, 1, 1, 1, 1, 1, 0, 0, 0, 1, 1
go.ly, 1, 19, 1, 0, 0, 0, 0, 0, 1, 0, 0, 1, 0, 0, 0, 1, 0, 0, 2, 6, 0, 0, 0, 0, 0, 0, 1, 1, 1, 1, 1, 0, 0, 0, 0, 1
sites.google.com, 1, 61, 3, 0, 0, 0, 0, 1, 1, 0, 0, 2, 0, 0, 0, 1, 0, 0, 0, 37, 0, 0, 0, 0, 0, 0, 1, 1, 1, 1, 1, 0, 0, 0, 0, 1
t.co, 1, 23, 1, 0, 0, 0, 0, 0, 1, 0, 0, 1, 0, 0, 0, 1, 0, 0, 2, 11, 0, 0, 0, 0, 1, 0, 1, 1, 1, 1, 1, 0, 0, 0, 0, 1
contact-noreply003-my-cheetah-website-1.cheetah.builderall.com, 1, 71, 0, 0, 0, 0, 0, 1, 1, 0, 0, 3, 5, 0, 0, 1, 0, 0, 4, 1, 0, 0, 0, 0, 0, 1, 1, 1, 1, 1, 1, 0, 0, 0, 0, 1
sitebuilder158994.dynadot.com, 1, 38, 0, 0, 0, 0, 0, 1, 1, 0, 0, 2, 0, 0, 0, 1, 0, 0, 6, 1, 0, 0, 0, 0, 1, 0, 1, 1, 1, 1, 1, 0, 0, 0, 0, 1
espaceclientorange1.americommerce.com, 1, 48, 1, 0, 0, 0, 0, 1, 1, 0, 0, 2, 0, 0, 0, 1, 0, 0, 1, 3, 0, 0, 0, 0, 0, 0, 1, 1, 1, 1, 1, 0, 0, 0, 0, 1
mpsienaserviziostorno.com, 1, 34, 0, 0, 0, 0, 0, 0, 1, 0, 0, 1, 0, 0, 0, 1, 0, 0, 0, 1, 0, 0, 0, 0, 0, 0, 1, 1, 1, 1, 1, 0, 0, 0, 0, 1
mobiads.co.za, 1, 22, 0, 0, 0, 0, 0, 0, 1, 0, 0, 2, 0, 0, 0, 1, 0, 0, 0, 1, 0, 0, 0, 0, 0, 0, 1, 1, 1, 1, 1, 1, 1, 1, 1, 1
funked-analysis.000webhostapp.com, 1, 42, 0, 0, 0, 0, 0, 1, 1, 0, 0, 2, 1, 0, 0, 1, 0, 0, 3, 1, 0, 0, 0, 0, 0, 1, 1, 1, 1, 1, 1, 0, 0, 0, 0, 1
nasdaqxe.com, 1, 25, 0, 0, 0, 0, 0, 1, 1, 0, 0, 2, 0, 0, 0, 1, 0, 0, 0, 1, 0, 0, 0, 0, 0, 0, 1, 1, 1, 1, 1, 0, 0, 0, 0, 1
nicoledruschnewitz.clickfunnels.com, 1, 57, 1, 0, 0, 0, 0, 1, 1, 0, 0, 2, 0, 0, 0, 1, 0, 0, 4, 14, 0, 0, 0, 0, 0, 0, 1, 1, 1, 1, 1, 0, 0, 0, 0, 1
nicoledruschnewitz.clickfunnels.com, 1, 62, 1, 0, 0, 0, 0, 1, 1, 0, 0, 2, 0, 0, 0, 1, 0, 0, 13, 19, 0, 0, 0, 0, 0, 0, 1, 1, 1, 1, 1, 0, 0, 0, 0, 1
rauchenbergerlenggries.clickfunnels.com, 1, 61, 1, 0, 0, 0, 0, 1, 1, 0, 0, 2, 0, 0, 0, 1, 0, 0, 2, 14, 0, 0, 0, 0, 0, 0, 1, 1, 1, 1, 1, 0, 0, 0, 0, 1
rauchenbergerlenggries.clickfunnels.com, 1, 66, 1, 0, 0, 0, 0, 1, 1, 0, 0, 2, 0, 0, 0, 1, 0, 0, 13, 19, 0, 0, 0, 0, 0, 0, 1, 1, 1, 1, 1, 0, 0, 0, 0, 1
kpwfn908.top, 1, 25, 0, 0, 0, 0, 0, 1, 1, 0, 0, 2, 0, 0, 0, 1, 0, 0, 3, 1, 0, 0, 0, 0, 0, 0, 1, 1, 1, 1, 1, 0, 0, 0, 0, 1
sqkufy.com, 1, 23, 0, 0, 0, 0, 0, 1, 1, 0, 0, 2, 0, 0, 0, 1, 0, 0, 0, 1, 0, 0, 0, 0, 0, 0, 1, 1, 1, 1, 1, 0, 0, 0, 0, 1
vk.com, 1, 103, 1, 1, 0, 0, 0, 0, 1, 0, 0, 6, 0, 2, 0, 3, 2, 0, 16, 9, 79, 0, 0, 1, 0, 0, 1, 1, 1, 1, 1, 0, 0, 0, 0, 1
backend.pionexdwj.top, 1, 30, 0, 0, 0, 0, 0, 1, 1, 0, 0, 2, 0, 0, 0, 1, 0, 0, 0, 1, 0, 0, 0, 0, 0, 0, 1, 1, 1, 1, 1, 0, 0, 0, 0, 1
h5.pionexup.com, 1, 24, 0, 0, 0, 0, 0, 1, 1, 0, 0, 2, 0, 0, 0, 1, 0, 0, 1, 1, 0, 0, 0, 0, 0, 0, 1, 1, 1, 1, 1, 0, 0, 0, 0, 1
rauchenbergerlenggries.clickfunnels.com, 1, 61, 1, 0, 0, 0, 0, 1, 1, 0, 0, 2, 0, 0, 0, 1, 0, 0, 1, 14, 0, 0, 0, 0, 0, 0, 1, 1, 1, 1, 1, 0, 0, 0, 0, 1
rauchenbergerlenggries.clickfunnels.com, 1, 66, 1, 0, 0, 0, 0, 1, 1, 0, 0, 2, 0, 0, 0, 1, 0, 0, 13, 19, 0, 0, 0, 0, 0, 0, 1, 1, 1, 1, 1, 0, 0, 0, 0, 1
alinafischer.clickfunnels.com, 1, 51, 1, 0, 0, 0, 0, 1, 1, 0, 0, 2, 0, 0, 0, 1, 0, 0, 3, 14, 0, 0, 0, 0, 0, 0, 1, 1, 1, 1, 1, 0, 0, 0, 0, 1
alinafischer.clickfunnels.com, 1, 56, 1, 0, 0, 0, 0, 1, 1, 0, 0, 2, 0, 0, 0, 1, 0, 0, 13, 19, 0, 0, 0, 0, 0, 0, 1, 1, 1, 1, 1, 0, 0, 0, 0, 1
birgitkoerner.clickfunnels.com, 1, 52, 1, 0, 0, 0, 0, 1, 1, 0, 0, 2, 0, 0, 0, 1, 0, 0, 2, 14, 0, 0, 0, 0, 0, 0, 1, 1, 1, 1, 1, 0, 0, 0, 0, 1
birgitkoerner.clickfunnels.com, 1, 57, 1, 0, 0, 0, 0, 1, 1, 0, 0, 2, 0, 0, 0, 1, 0, 0, 13, 19, 0, 0, 0, 0, 0, 0, 1, 1, 1, 1, 1, 0, 0, 0, 0, 1
jennipricephotography.com, 1, 33, 0, 0, 0, 1, 0, 0, 1, 0, 0, 1, 0, 0, 0, 1, 0, 0, 0, 1, 0, 0, 0, 0, 0, 0, 1, 1, 1, 1, 1, 0, 0, 0, 0, 1
ponselbatam.xyz, 1, 23, 0, 0, 0, 1, 0, 0, 1, 0, 0, 1, 0, 0, 0, 1, 0, 0, 0, 1, 0, 0, 0, 0, 0, 0, 1, 1, 1, 1, 1, 1, 1, 1, 1, 1
ponselbatam.xyz, 1, 24, 0, 0, 0, 0, 0, 0, 1, 0, 0, 1, 0, 0, 0, 1, 0, 0, 0, 1, 0, 0, 0, 0, 0, 0, 1, 1, 1, 1, 1, 1, 1, 1, 1, 1
sites.google.com, 1, 46, 3, 0, 0, 0, 0, 1, 1, 0, 0, 2, 0, 0, 0, 1, 0, 0, 2, 22, 0, 0, 0, 0, 0, 0, 1, 1, 1, 1, 1, 0, 0, 0, 0, 1
realapes.co, 1, 20, 0, 0, 0, 0, 0, 0, 1, 0, 0, 1, 0, 0, 0, 1, 0, 0, 0, 1, 0, 0, 0, 0, 0, 0, 1, 1, 1, 1, 1, 0, 0, 0, 0, 1
realapes.co, 1, 18, 0, 0, 0, 1, 0, 0, 1, 0, 0, 1, 0, 0, 0, 1, 0, 0, 0, 0, 0, 0, 0, 0, 0, 0, 1, 1, 1, 1, 1, 0, 0, 0, 0, 1
sites.google.com, 1, 51, 3, 0, 0, 0, 0, 1, 1, 0, 0, 2, 0, 0, 0, 1, 0, 0, 1, 16, 10, 0, 0, 0, 0, 0, 1, 1, 1, 1, 1, 0, 0, 0, 0, 1
info.dnb.no, 1, 19, 0, 0, 0, 0, 0, 1, 1, 0, 0, 2, 0, 0, 0, 1, 0, 0, 0, 0, 0, 0, 0, 0, 0, 0, 1, 1, 1, 1, 1, 0, 0, 0, 0, 1
axiinninfinityp.com, 1, 26, 0, 0, 0, 1, 0, 0, 1, 0, 0, 1, 0, 0, 0, 1, 0, 0, 0, 0, 0, 0, 0, 0, 0, 0, 1, 1, 1, 1, 1, 0, 0, 0, 0, 1
dgu9g3a2kzqx2.cloudfront.net, 1, 88, 3, 0, 0, 0, 0, 1, 1, 0, 0, 3, 0, 1, 0, 2, 1, 0, 12, 30, 21, 0, 0, 0, 0, 0, 1, 1, 1, 1, 1, 0, 0, 0, 0, 1
flat-9be3.marpuasabentar.workers.dev, 1, 44, 0, 0, 0, 0, 0, 1, 1, 0, 0, 3, 1, 0, 0, 1, 0, 0, 2, 0, 0, 0, 0, 0, 0, 1, 1, 1, 1, 1, 1, 0, 0, 0, 0, 1
l.wl.co, 1, 56, 1, 0, 0, 0, 0, 1, 1, 0, 0, 3, 0, 0, 0, 1, 0, 0, 1, 2, 38, 0, 0, 1, 0, 0, 1, 1, 1, 1, 1, 0, 0, 0, 0, 1
l.wl.co, 1, 56, 1, 0, 0, 0, 0, 1, 1, 0, 0, 3, 0, 0, 0, 1, 0, 0, 4, 2, 38, 0, 0, 1, 0, 0, 1, 1, 1, 1, 1, 0, 0, 0, 0, 1
l.wl.co, 1, 56, 1, 0, 0, 0, 0, 1, 1, 0, 0, 3, 0, 0, 0, 1, 0, 0, 0, 2, 38, 0, 0, 1, 0, 0, 1, 1, 1, 1, 1, 0, 0, 0, 0, 1
bsssc.co.uk, 1, 139, 5, 0, 0, 1, 0, 1, 1, 0, 0, 4, 0, 2, 0, 1, 0, 0, 11, 43, 73, 0, 0, 0, 0, 0, 1, 1, 1, 1, 1, 0, 0, 0, 0, 1
rebategrow.com, 1, 123, 3, 0, 0, 1, 0, 0, 1, 0, 0, 2, 0, 0, 0, 1, 0, 0, 13, 28, 73, 0, 0, 0, 0, 0, 1, 1, 1, 1, 1, 0, 0, 0, 0, 1
ivfcentreinindia.com, 1, 165, 7, 0, 0, 0, 0, 0, 1, 0, 0, 3, 0, 0, 0, 1, 0, 0, 15, 63, 73, 0, 0, 0, 0, 0, 1, 1, 1, 1, 1, 0, 0, 0, 0, 1
ivfcentreinindia.com, 1, 164, 7, 0, 0, 1, 0, 0, 1, 0, 0, 3, 0, 0, 0, 1, 0, 0, 15, 63, 73, 0, 0, 0, 0, 0, 1, 1, 1, 1, 1, 0, 0, 0, 0, 1
bit.ly, 1, 38, 1, 0, 0, 0, 0, 0, 1, 0, 0, 1, 0, 0, 0, 1, 0, 0, 4, 8, 15, 0, 0, 0, 1, 0, 1, 1, 1, 1, 1, 0, 0, 0, 0, 1
icanncert.web.app, 1, 26, 0, 0, 0, 0, 0, 1, 1, 0, 0, 2, 0, 0, 0, 1, 0, 0, 0, 1, 0, 0, 0, 0, 0, 0, 1, 1, 1, 1, 1, 0, 0, 0, 0, 1
s.yam.com, 1, 23, 1, 0, 0, 0, 0, 1, 1, 0, 0, 2, 0, 0, 0, 1, 0, 0, 0, 6, 0, 0, 0, 0, 0, 0, 1, 1, 1, 1, 1, 0, 0, 0, 0, 1
147mp.trk.elasticemail.com, 1, 247, 2, 0, 0, 0, 0, 1, 1, 0, 0, 3, 0, 1, 0, 1, 0, 0, 33, 15, 197, 0, 0, 0, 0, 0, 1, 1, 1, 1, 1, 0, 0, 0, 0, 1
phanttomwallet.com, 1, 25, 0, 0, 0, 1, 0, 0, 1, 0, 0, 1, 0, 0, 0, 1, 0, 0, 0, 0, 0, 0, 0, 0, 1, 0, 1, 1, 1, 1, 1, 0, 0, 0, 0, 1
phanttomwallet.com, 1, 27, 0, 0, 0, 0, 0, 0, 1, 0, 0, 1, 0, 0, 0, 1, 0, 0, 0, 1, 0, 0, 0, 0, 1, 0, 1, 1, 1, 1, 1, 0, 0, 0, 0, 1
0310f955.sibforms.com, 1, 244, 2, 0, 0, 0, 0, 1, 1, 0, 0, 2, 0, 2, 0, 1, 0, 0, 42, 215, 0, 0, 0, 0, 0, 0, 1, 1, 1, 1, 1, 0, 0, 0, 0, 1
keadaancus.topijerami.workers.dev, 1, 42, 0, 0, 0, 0, 0, 1, 1, 0, 0, 3, 0, 0, 0, 1, 0, 0, 0, 1, 0, 0, 0, 0, 0, 0, 1, 1, 1, 1, 1, 0, 0, 0, 0, 1
sites.google.com, 1, 42, 2, 0, 0, 0, 0, 1, 1, 0, 0, 2, 0, 0, 0, 1, 0, 0, 1, 18, 0, 0, 0, 0, 0, 0, 1, 1, 1, 1, 1, 0, 0, 0, 0, 1
sites.google.com, 1, 42, 2, 0, 0, 0, 0, 1, 1, 0, 0, 2, 0, 0, 0, 1, 0, 0, 1, 18, 0, 0, 0, 0, 0, 0, 1, 1, 1, 1, 1, 0, 0, 0, 0, 1
sites.google.com, 1, 42, 2, 0, 0, 0, 0, 1, 1, 0, 0, 2, 0, 0, 0, 1, 0, 0, 1, 18, 0, 0, 0, 0, 0, 0, 1, 1, 1, 1, 1, 0, 0, 0, 0, 1
sites.google.com, 1, 42, 2, 0, 0, 0, 0, 1, 1, 0, 0, 2, 0, 0, 0, 1, 0, 0, 1, 18, 0, 0, 0, 0, 0, 0, 1, 1, 1, 1, 1, 0, 0, 0, 0, 1
rockstheme.com, 1, 42, 2, 0, 0, 1, 0, 0, 1, 0, 0, 1, 0, 0, 0, 1, 0, 0, 0, 21, 0, 0, 0, 0, 0, 0, 1, 1, 1, 1, 1, 0, 0, 0, 0, 1
beyondcryptofx.com, 1, 31, 0, 0, 0, 0, 0, 1, 1, 0, 0, 2, 0, 0, 0, 1, 0, 0, 0, 1, 0, 0, 0, 0, 1, 0, 1, 1, 1, 1, 1, 0, 0, 0, 0, 1
bitpiecrypto.com, 1, 29, 0, 0, 0, 0, 0, 1, 1, 0, 0, 2, 0, 0, 0, 1, 0, 0, 0, 1, 0, 0, 0, 0, 0, 0, 1, 1, 1, 1, 1, 0, 0, 0, 0, 1
kucoba.xyz, 1, 19, 0, 0, 0, 0, 0, 0, 1, 0, 0, 1, 0, 0, 0, 1, 0, 0, 0, 1, 0, 0, 0, 0, 0, 0, 1, 1, 1, 1, 1, 1, 1, 1, 1, 1
support-walletsupdate.com, 1, 32, 0, 0, 0, 1, 0, 0, 1, 0, 0, 1, 1, 0, 0, 1, 0, 0, 0, 0, 0, 0, 0, 0, 0, 1, 1, 1, 1, 1, 1, 0, 0, 0, 0, 1
cbhou91px.fiswebdv.net, 1, 31, 0, 0, 0, 0, 0, 1, 1, 0, 0, 2, 0, 0, 0, 1, 0, 0, 2, 1, 0, 0, 0, 0, 0, 0, 1, 1, 1, 1, 1, 0, 0, 0, 0, 1
khalidouhdane.com, 1, 30, 1, 0, 0, 0, 0, 0, 1, 0, 0, 1, 0, 0, 0, 1, 0, 0, 0, 5, 0, 0, 0, 0, 0, 0, 1, 1, 1, 1, 1, 0, 0, 0, 0, 1
sparkasse.allgemeine-geschaeftsbedinungen.info, 1, 55, 0, 0, 0, 0, 0, 1, 1, 0, 0, 2, 1, 0, 0, 1, 0, 0, 0, 1, 0, 0, 0, 0, 0, 1, 1, 1, 1, 1, 1, 0, 0, 0, 0, 1
sparkasse.allgemeine-geschaeftsbedinungen.info, 1, 65, 2, 0, 0, 0, 0, 1, 1, 0, 0, 3, 1, 0, 0, 1, 0, 0, 0, 11, 0, 0, 0, 0, 0, 1, 1, 1, 1, 1, 1, 0, 0, 0, 0, 1
k4dn97dck1b1ps.wb7cd-197f.oxinease.us, 1, 88, 0, 0, 0, 1, 0, 1, 1, 0, 0, 3, 1, 0, 0, 2, 1, 0, 22, 1, 42, 0, 0, 0, 0, 1, 1, 1, 1, 1, 1, 0, 0, 0, 0, 1
nah.uy, 1, 20, 1, 0, 0, 1, 0, 0, 1, 0, 0, 1, 0, 0, 0, 1, 0, 0, 0, 7, 0, 0, 0, 0, 0, 0, 1, 1, 1, 1, 1, 0, 0, 0, 0, 1
t.co, 1, 64, 1, 0, 0, 0, 0, 0, 1, 0, 0, 1, 0, 0, 0, 2, 1, 0, 0, 11, 40, 0, 0, 0, 1, 0, 1, 1, 1, 1, 1, 0, 0, 0, 1, 1
digiboxtest.com, 1, 22, 0, 0, 0, 1, 0, 0, 1, 0, 0, 1, 0, 0, 0, 1, 0, 0, 0, 0, 0, 0, 0, 0, 1, 0, 1, 1, 1, 1, 1, 0, 0, 0, 0, 1
sites.google.com, 1, 55, 3, 0, 0, 0, 0, 1, 1, 0, 0, 2, 0, 0, 0, 1, 0, 0, 0, 31, 0, 0, 0, 0, 0, 0, 1, 1, 1, 1, 1, 0, 0, 0, 0, 1
docs.google.com, 1, 111, 5, 0, 0, 0, 0, 1, 1, 0, 0, 2, 0, 1, 0, 1, 0, 0, 7, 76, 11, 0, 0, 0, 0, 0, 1, 1, 1, 1, 1, 0, 0, 0, 0, 1
l.wl.co, 1, 56, 1, 0, 0, 0, 0, 1, 1, 0, 0, 3, 0, 0, 0, 1, 0, 0, 2, 2, 38, 0, 0, 1, 0, 0, 1, 1, 1, 1, 1, 0, 0, 0, 0, 1
ywxo.mjt.lu, 1, 502, 5, 0, 0, 1, 0, 1, 1, 0, 0, 2, 0, 0, 0, 1, 0, 0, 53, 484, 0, 0, 0, 0, 0, 0, 1, 1, 1, 1, 1, 0, 0, 0, 1, 1
89888756.hostfree.pw, 1, 32, 0, 0, 0, 1, 0, 1, 1, 0, 0, 2, 0, 0, 0, 1, 0, 0, 9, 1, 3, 0, 0, 0, 0, 0, 1, 1, 1, 1, 1, 0, 0, 0, 0, 1
awankilat.xyz, 1, 21, 0, 0, 0, 1, 0, 0, 1, 0, 0, 1, 0, 0, 0, 1, 0, 0, 0, 1, 0, 0, 0, 0, 0, 0, 1, 1, 1, 1, 1, 1, 1, 1, 1, 1
awankilat.xyz, 1, 22, 0, 0, 0, 0, 0, 0, 1, 0, 0, 1, 0, 0, 0, 1, 0, 0, 0, 1, 0, 0, 0, 0, 0, 0, 1, 1, 1, 1, 1, 1, 1, 1, 1, 1
sites.google.com, 1, 43, 3, 0, 0, 0, 0, 1, 1, 0, 0, 2, 0, 0, 0, 1, 0, 0, 0, 19, 0, 0, 0, 0, 0, 0, 1, 1, 1, 1, 1, 0, 0, 0, 0, 1
vk.com, 1, 102, 1, 1, 0, 0, 0, 0, 1, 0, 0, 6, 0, 2, 0, 3, 2, 0, 15, 9, 78, 0, 0, 1, 0, 0, 1, 1, 1, 1, 1, 0, 0, 0, 0, 1
vk.com, 1, 99, 1, 1, 0, 0, 0, 0, 1, 0, 0, 6, 0, 3, 0, 3, 2, 0, 17, 9, 75, 0, 0, 1, 0, 0, 1, 1, 1, 1, 1, 0, 0, 0, 0, 1
krizia.it, 1, 55, 3, 0, 0, 0, 0, 1, 1, 0, 1, 3, 0, 0, 0, 1, 0, 0, 9, 20, 13, 0, 0, 1, 0, 0, 1, 1, 1, 1, 1, 0, 0, 0, 0, 1
metamaskreset.com, 1, 25, 0, 0, 0, 1, 0, 0, 1, 0, 0, 1, 0, 0, 0, 1, 0, 0, 0, 1, 0, 0, 0, 0, 1, 0, 1, 1, 1, 1, 1, 0, 0, 0, 0, 1
firebasestorage.googleapis.com, 1, 93, 5, 0, 0, 0, 0, 1, 1, 0, 0, 5, 0, 0, 0, 2, 1, 0, 5, 41, 13, 0, 0, 0, 1, 0, 1, 1, 1, 1, 1, 0, 0, 0, 0, 1
defi-ai.me, 1, 17, 0, 0, 0, 1, 0, 0, 1, 0, 0, 1, 1, 0, 0, 1, 0, 0, 0, 0, 0, 0, 0, 0, 0, 1, 1, 1, 1, 1, 1, 0, 0, 0, 0, 1
defi-ai.me, 1, 19, 0, 0, 0, 0, 0, 0, 1, 0, 0, 1, 1, 0, 0, 1, 0, 0, 0, 1, 0, 0, 0, 0, 0, 1, 1, 1, 1, 1, 1, 0, 0, 0, 0, 1
mattjohnson-principal.com, 1, 45, 1, 0, 0, 0, 0, 1, 1, 0, 0, 3, 1, 0, 0, 1, 0, 0, 0, 8, 0, 0, 0, 0, 0, 1, 1, 1, 1, 1, 1, 0, 0, 0, 0, 1
acn.unpbls.sprt-acn.workers.dev, 1, 40, 0, 0, 0, 0, 0, 1, 1, 0, 0, 4, 1, 0, 0, 1, 0, 0, 0, 1, 0, 0, 0, 0, 0, 1, 1, 1, 1, 1, 1, 0, 0, 0, 0, 1
firebasestorage.googleapis.com, 1, 94, 5, 0, 0, 0, 0, 1, 1, 0, 0, 5, 0, 0, 0, 2, 1, 0, 5, 42, 13, 0, 0, 0, 1, 0, 1, 1, 1, 1, 1, 0, 0, 0, 0, 1
financepouche.com, 1, 36, 2, 0, 0, 0, 0, 0, 1, 0, 0, 1, 0, 0, 0, 1, 0, 0, 0, 11, 0, 0, 0, 0, 0, 0, 1, 1, 1, 1, 1, 0, 0, 0, 0, 1
vk.com, 1, 101, 1, 1, 0, 0, 0, 0, 1, 0, 0, 6, 0, 2, 0, 3, 2, 0, 17, 9, 77, 0, 0, 1, 0, 0, 1, 1, 1, 1, 1, 0, 0, 0, 0, 1
vk.com, 1, 99, 1, 1, 0, 0, 0, 0, 1, 0, 0, 6, 0, 2, 0, 3, 2, 0, 16, 9, 75, 0, 0, 1, 0, 0, 1, 1, 1, 1, 1, 0, 0, 0, 0, 1
vk.com, 1, 105, 1, 1, 0, 0, 0, 0, 1, 0, 0, 6, 0, 2, 0, 3, 2, 0, 18, 9, 81, 0, 0, 1, 0, 0, 1, 1, 1, 1, 1, 0, 0, 0, 0, 1
dsbfinancialservice.com, 1, 32, 0, 0, 0, 0, 0, 0, 1, 0, 0, 1, 0, 0, 0, 1, 0, 0, 0, 1, 0, 0, 0, 0, 0, 0, 1, 1, 1, 1, 1, 0, 0, 0, 0, 1
somethingmoreconference.com, 1, 42, 1, 0, 0, 0, 0, 0, 1, 0, 0, 1, 0, 0, 0, 1, 0, 0, 0, 7, 0, 0, 0, 0, 0, 0, 1, 1, 1, 1, 1, 0, 0, 0, 0, 1
cromexa.com, 1, 87, 5, 0, 0, 0, 0, 0, 1, 0, 0, 1, 0, 0, 0, 1, 0, 0, 8, 44, 23, 0, 0, 0, 0, 0, 1, 1, 1, 1, 1, 0, 0, 0, 0, 1
cisteodpady.cz, 1, 45, 3, 0, 0, 0, 0, 0, 1, 0, 0, 2, 0, 0, 0, 1, 0, 0, 0, 23, 0, 0, 0, 0, 0, 0, 1, 1, 1, 1, 1, 0, 0, 0, 0, 1
terbangjauh.xyz, 1, 24, 0, 0, 0, 0, 0, 0, 1, 0, 0, 1, 0, 0, 0, 1, 0, 0, 0, 1, 0, 0, 0, 0, 0, 0, 1, 1, 1, 1, 1, 1, 1, 1, 1, 1
c2dcw069.caspio.com, 1, 59, 2, 0, 0, 0, 0, 1, 1, 0, 0, 2, 0, 0, 0, 1, 0, 0, 30, 32, 0, 0, 0, 0, 0, 0, 1, 1, 1, 1, 1, 0, 0, 0, 0, 1
baleariclifestyle.be, 1, 42, 2, 0, 0, 0, 0, 0, 1, 0, 0, 2, 0, 0, 0, 1, 0, 0, 0, 12, 1, 0, 0, 0, 0, 0, 1, 1, 1, 1, 1, 0, 0, 0, 0, 1
sites.google.com, 1, 46, 3, 0, 0, 0, 0, 1, 1, 0, 0, 2, 0, 0, 0, 1, 0, 0, 3, 22, 0, 0, 0, 0, 0, 0, 1, 1, 1, 1, 1, 0, 0, 0, 0, 1
navi6.com, 1, 17, 0, 0, 0, 0, 0, 0, 1, 0, 0, 1, 0, 0, 0, 1, 0, 0, 1, 0, 0, 0, 0, 0, 0, 0, 1, 1, 1, 1, 1, 1, 1, 1, 1, 1
cognitoforms.com, 1, 42, 2, 0, 0, 0, 0, 1, 1, 0, 0, 2, 0, 0, 0, 1, 0, 0, 2, 14, 0, 0, 0, 0, 0, 0, 1, 1, 1, 1, 1, 0, 0, 0, 0, 1
victory.webc5.vn, 1, 42, 2, 0, 0, 0, 0, 1, 1, 0, 0, 3, 0, 0, 0, 1, 0, 0, 4, 18, 0, 0, 0, 0, 0, 0, 1, 1, 1, 1, 1, 0, 0, 0, 0, 1
swisscom.bizwebs.com, 1, 28, 0, 0, 0, 0, 0, 1, 1, 0, 0, 2, 0, 0, 0, 1, 0, 0, 0, 0, 0, 0, 0, 0, 0, 0, 1, 1, 1, 1, 1, 0, 0, 0, 0, 1
topgradespices.in, 1, 53, 3, 0, 0, 1, 0, 0, 1, 0, 1, 1, 0, 0, 0, 2, 1, 0, 0, 21, 7, 0, 0, 1, 0, 0, 1, 1, 1, 1, 1, 0, 0, 0, 0, 1
yip.su, 1, 20, 1, 0, 0, 1, 0, 0, 1, 0, 0, 1, 0, 0, 0, 1, 0, 0, 3, 7, 0, 0, 0, 0, 0, 0, 1, 1, 1, 1, 1, 0, 0, 0, 0, 1
travelvisit-mexico.com, 1, 34, 0, 0, 0, 0, 0, 1, 1, 0, 0, 2, 1, 0, 0, 1, 0, 0, 0, 0, 0, 0, 0, 0, 0, 1, 1, 1, 1, 1, 1, 0, 0, 0, 0, 1
dplanet.synnexsoftech.com, 1, 73, 1, 0, 0, 0, 0, 1, 1, 0, 0, 4, 0, 0, 0, 1, 1, 1, 2, 22, 0, 0, 0, 0, 0, 0, 1, 1, 1, 1, 1, 1, 1, 1, 1, 1
round-sky-6588.on.fleek.co, 1, 35, 0, 0, 0, 0, 0, 1, 1, 0, 0, 3, 2, 0, 0, 1, 0, 0, 4, 1, 0, 0, 0, 0, 0, 1, 1, 1, 1, 1, 1, 0, 0, 0, 0, 1
thelandsendstore.us, 1, 32, 0, 0, 0, 0, 0, 1, 1, 0, 0, 2, 0, 0, 0, 1, 0, 0, 0, 1, 0, 0, 0, 0, 0, 0, 1, 1, 1, 1, 1, 0, 0, 0, 0, 1
thelandsendstore.us, 1, 27, 0, 0, 0, 1, 0, 0, 1, 0, 0, 1, 0, 0, 0, 1, 0, 0, 0, 1, 0, 0, 0, 0, 0, 0, 1, 1, 1, 1, 1, 0, 0, 0, 0, 1
act-premco.hostfree.pw, 1, 30, 0, 0, 0, 1, 0, 1, 1, 0, 0, 2, 1, 0, 0, 1, 0, 0, 0, 1, 0, 0, 0, 0, 0, 1, 1, 1, 1, 1, 1, 0, 0, 0, 0, 1
sites.google.com, 1, 48, 3, 0, 0, 0, 0, 1, 1, 0, 0, 2, 0, 0, 0, 1, 0, 0, 0, 24, 0, 0, 0, 0, 0, 0, 1, 1, 1, 1, 1, 0, 0, 0, 0, 1
maecs-go.ru, 1, 19, 0, 0, 0, 0, 0, 0, 1, 0, 0, 1, 1, 0, 0, 1, 0, 0, 0, 0, 0, 0, 0, 0, 0, 1, 1, 1, 1, 1, 1, 1, 1, 1, 1, 1
cricutcomregister.com, 1, 29, 0, 0, 0, 0, 0, 0, 1, 0, 0, 1, 0, 0, 0, 1, 0, 0, 0, 0, 0, 0, 0, 0, 0, 0, 1, 1, 1, 1, 1, 0, 0, 0, 0, 1
sites.google.com, 1, 47, 3, 0, 0, 0, 0, 1, 1, 0, 0, 2, 0, 0, 0, 1, 0, 0, 0, 23, 0, 0, 0, 0, 0, 0, 1, 1, 1, 1, 1, 0, 0, 0, 0, 1
admin.venhub.co.uk, 1, 57, 2, 0, 0, 0, 0, 1, 1, 0, 0, 3, 0, 2, 0, 1, 0, 0, 3, 31, 0, 0, 0, 0, 0, 0, 1, 1, 1, 1, 1, 0, 0, 0, 0, 1
link.pipefy.com, 1, 460, 2, 0, 0, 0, 0, 1, 1, 0, 0, 2, 0, 1, 0, 1, 0, 0, 73, 9, 427, 0, 0, 0, 0, 0, 1, 1, 1, 1, 1, 0, 0, 0, 0, 1
7c576797.sibforms.com, 1, 244, 2, 0, 0, 0, 0, 1, 1, 0, 0, 2, 0, 4, 0, 1, 0, 0, 48, 215, 0, 0, 0, 0, 0, 0, 1, 1, 1, 1, 1, 0, 0, 0, 0, 1
sites.google.com, 1, 48, 3, 0, 0, 0, 0, 1, 1, 0, 0, 2, 0, 0, 0, 1, 0, 0, 0, 24, 0, 0, 0, 0, 0, 0, 1, 1, 1, 1, 1, 0, 0, 0, 0, 1
45.55.167.181, 1, 61, 1, 1, 0, 1, 1, 0, 0, 0, 0, 4, 0, 0, 0, 1, 0, 0, 10, 19, 21, 0, 0, 0, 0, 0, 1, 1, 1, 1, 1, 0, 0, 0, 0, 1
45.55.167.181, 1, 60, 1, 1, 0, 1, 1, 0, 0, 0, 0, 4, 0, 0, 0, 1, 0, 0, 10, 19, 20, 0, 0, 0, 0, 0, 1, 1, 1, 1, 1, 0, 0, 0, 0, 1
45.55.167.181, 1, 66, 1, 1, 0, 1, 1, 0, 0, 0, 0, 4, 0, 0, 0, 1, 0, 0, 10, 19, 26, 0, 0, 0, 0, 0, 1, 1, 1, 1, 1, 0, 0, 0, 0, 1
45.55.167.181, 1, 63, 1, 1, 0, 1, 1, 0, 0, 0, 0, 4, 0, 0, 0, 1, 0, 0, 10, 19, 23, 0, 0, 0, 0, 0, 1, 1, 1, 1, 1, 0, 0, 0, 0, 1
sites.google.com, 1, 44, 3, 0, 0, 0, 0, 1, 1, 0, 0, 2, 0, 0, 0, 1, 0, 0, 0, 20, 0, 0, 0, 0, 0, 0, 1, 1, 1, 1, 1, 0, 0, 0, 0, 1
docs.google.com, 1, 167, 5, 0, 0, 0, 0, 1, 1, 0, 0, 2, 0, 0, 0, 3, 2, 0, 23, 108, 35, 0, 0, 0, 0, 0, 1, 1, 1, 1, 1, 0, 0, 0, 0, 1
45.55.167.181, 1, 59, 1, 1, 0, 1, 1, 0, 0, 0, 0, 4, 0, 0, 0, 1, 0, 0, 10, 19, 19, 0, 0, 0, 0, 0, 1, 1, 1, 1, 1, 0, 0, 0, 0, 1
jetim.app, 1, 56, 5, 0, 0, 0, 0, 1, 1, 0, 0, 2, 0, 0, 0, 1, 0, 0, 0, 35, 0, 0, 0, 0, 0, 0, 1, 1, 1, 1, 1, 0, 0, 0, 0, 1
bancaporlnternetlnterbarnk.4kwnf9db.xyz, 1, 51, 0, 0, 0, 1, 0, 1, 1, 0, 0, 3, 0, 0, 0, 1, 0, 0, 2, 1, 0, 0, 0, 0, 0, 0, 1, 1, 1, 1, 1, 0, 0, 0, 0, 1
pancakeswapz.blogspot.com, 1, 32, 0, 0, 0, 1, 0, 1, 1, 0, 0, 2, 0, 0, 0, 1, 0, 0, 0, 0, 0, 0, 0, 0, 1, 0, 1, 1, 1, 1, 1, 0, 0, 0, 0, 1
pancakeswapz.blogspot.com, 1, 34, 0, 0, 0, 0, 0, 1, 1, 0, 0, 2, 0, 0, 0, 1, 0, 0, 0, 1, 0, 0, 0, 0, 1, 0, 1, 1, 1, 1, 1, 0, 0, 0, 0, 1
pancakeswapclone.com, 1, 27, 0, 0, 0, 1, 0, 0, 1, 0, 0, 1, 0, 0, 0, 1, 0, 0, 0, 0, 0, 0, 0, 0, 0, 0, 1, 1, 1, 1, 1, 0, 0, 0, 0, 1
healthatlums.web.app, 1, 29, 0, 0, 0, 0, 0, 1, 1, 0, 0, 2, 0, 0, 0, 1, 0, 0, 0, 1, 0, 0, 0, 0, 0, 0, 1, 1, 1, 1, 1, 0, 0, 0, 0, 1
meta-mask-wallet-security.web.app, 1, 42, 0, 0, 0, 0, 0, 1, 1, 0, 0, 2, 3, 0, 0, 1, 0, 0, 0, 1, 0, 0, 0, 0, 0, 1, 1, 1, 1, 1, 1, 0, 0, 0, 0, 1
lnkd.in, 1, 24, 1, 0, 0, 0, 0, 0, 1, 0, 0, 1, 0, 0, 0, 1, 0, 0, 1, 9, 0, 0, 0, 0, 1, 0, 1, 1, 1, 1, 1, 0, 0, 0, 0, 1
45.55.167.181, 1, 64, 1, 1, 0, 1, 1, 0, 0, 0, 0, 5, 0, 0, 0, 1, 0, 0, 10, 19, 24, 0, 0, 0, 0, 0, 1, 1, 1, 1, 1, 0, 0, 0, 0, 1
dailymetro.in, 1, 21, 0, 0, 0, 1, 0, 0, 1, 0, 0, 1, 0, 0, 0, 1, 0, 0, 0, 1, 0, 0, 0, 0, 0, 0, 1, 1, 1, 1, 1, 0, 0, 0, 0, 1
l.wl.co, 1, 56, 1, 0, 0, 0, 0, 1, 1, 0, 0, 3, 0, 0, 0, 1, 0, 0, 1, 2, 38, 0, 0, 1, 0, 0, 1, 1, 1, 1, 1, 0, 0, 0, 0, 1
ledatop.com, 1, 85, 4, 1, 0, 1, 0, 1, 1, 0, 0, 4, 0, 1, 0, 1, 0, 1, 27, 55, 0, 0, 0, 0, 0, 0, 1, 1, 1, 1, 1, 0, 0, 0, 0, 1
im-creator.com, 1, 51, 3, 0, 0, 1, 0, 0, 1, 0, 0, 1, 1, 1, 0, 1, 0, 0, 0, 30, 0, 0, 0, 0, 0, 1, 1, 1, 1, 1, 1, 0, 0, 0, 0, 1
setagaya-hkm.com, 1, 45, 2, 0, 0, 1, 0, 1, 1, 0, 0, 4, 1, 0, 0, 1, 0, 0, 0, 18, 0, 0, 0, 0, 0, 1, 1, 1, 1, 1, 1, 0, 0, 0, 0, 1
arkona-meb.ru, 1, 57, 2, 0, 0, 0, 0, 1, 1, 0, 1, 2, 1, 1, 0, 1, 0, 0, 0, 32, 0, 0, 0, 1, 0, 1, 1, 1, 1, 1, 1, 0, 0, 0, 0, 1
hayalbahcesi.com.tr, 1, 62, 4, 0, 0, 1, 0, 1, 1, 0, 0, 3, 0, 0, 0, 1, 0, 0, 0, 32, 0, 0, 0, 0, 0, 0, 1, 1, 1, 1, 1, 0, 0, 0, 1, 1
app.pandadoc.com, 1, 67, 2, 0, 0, 0, 0, 1, 1, 0, 0, 2, 0, 0, 0, 1, 0, 0, 26, 43, 0, 0, 0, 0, 0, 0, 1, 1, 1, 1, 1, 0, 0, 0, 0, 1
app.pandadoc.com, 1, 73, 2, 0, 0, 1, 0, 1, 1, 0, 0, 2, 0, 0, 0, 1, 0, 0, 26, 50, 0, 0, 0, 0, 0, 0, 1, 1, 1, 1, 1, 0, 0, 0, 0, 1
scrty.cold-thunder-d531.siteacn.workers.dev, 1, 52, 0, 0, 0, 0, 0, 1, 1, 0, 0, 4, 2, 0, 0, 1, 0, 0, 3, 1, 0, 0, 0, 0, 0, 1, 1, 1, 1, 1, 1, 0, 0, 0, 0, 1
telstra-823a7434e49e.intercom-clicks.com, 1, 54, 2, 0, 0, 0, 0, 1, 1, 0, 0, 2, 2, 0, 0, 1, 0, 0, 9, 6, 0, 0, 0, 0, 0, 1, 1, 1, 1, 1, 1, 0, 0, 0, 0, 1
45.55.167.181, 1, 43, 1, 1, 0, 1, 1, 0, 0, 0, 0, 4, 0, 0, 0, 1, 0, 0, 10, 9, 13, 0, 0, 0, 0, 0, 1, 1, 1, 1, 1, 0, 0, 0, 0, 1
docs.google.com, 1, 110, 5, 0, 0, 0, 0, 1, 1, 0, 0, 2, 0, 3, 0, 1, 0, 0, 9, 76, 10, 0, 0, 0, 0, 0, 1, 1, 1, 1, 1, 0, 0, 0, 0, 1
accueilmabanquecreditagricoles.web.app, 1, 47, 0, 0, 0, 0, 0, 1, 1, 0, 0, 2, 0, 0, 0, 1, 0, 0, 0, 1, 0, 0, 0, 0, 0, 0, 1, 1, 1, 1, 1, 0, 0, 0, 0, 1
credt-agcole-fr-v.web.app, 1, 34, 0, 0, 0, 0, 0, 1, 1, 0, 0, 2, 3, 0, 0, 1, 0, 0, 0, 1, 0, 0, 0, 0, 0, 1, 1, 1, 1, 1, 1, 0, 0, 0, 0, 1
veredicto63.hostfree.pw, 1, 31, 0, 0, 0, 1, 0, 1, 1, 0, 0, 2, 0, 0, 0, 1, 0, 0, 2, 1, 0, 0, 0, 0, 0, 0, 1, 1, 1, 1, 1, 0, 0, 0, 0, 1
lnkd.in, 1, 24, 1, 0, 0, 0, 0, 0, 1, 0, 0, 1, 0, 0, 0, 1, 0, 0, 2, 9, 0, 0, 0, 0, 1, 0, 1, 1, 1, 1, 1, 0, 0, 0, 0, 1
forms.monday.com, 1, 63, 2, 0, 0, 1, 0, 1, 1, 0, 0, 2, 0, 0, 0, 1, 0, 0, 23, 40, 0, 0, 0, 0, 0, 0, 1, 1, 1, 1, 1, 0, 0, 0, 0, 1
sunnylandingpages.com, 1, 70, 2, 0, 0, 0, 0, 0, 1, 0, 0, 1, 0, 1, 0, 1, 0, 0, 15, 41, 0, 0, 0, 0, 0, 0, 1, 1, 1, 1, 1, 0, 0, 0, 0, 1
sites.google.com, 1, 45, 3, 0, 0, 0, 0, 1, 1, 0, 0, 2, 0, 0, 0, 1, 0, 0, 0, 21, 0, 0, 0, 0, 0, 0, 1, 1, 1, 1, 1, 0, 0, 0, 0, 1
ume.la, 1, 21, 1, 0, 0, 0, 0, 0, 1, 0, 0, 1, 0, 0, 0, 1, 0, 0, 0, 7, 0, 0, 0, 0, 0, 0, 1, 1, 1, 1, 1, 0, 0, 0, 0, 1
sites.google.com, 1, 42, 2, 0, 0, 0, 0, 1, 1, 0, 0, 2, 0, 0, 0, 1, 0, 0, 2, 18, 0, 0, 0, 0, 0, 0, 1, 1, 1, 1, 1, 0, 0, 0, 0, 1
site9607677.92.webydo.com, 1, 33, 0, 0, 0, 1, 0, 1, 1, 0, 0, 3, 0, 0, 0, 1, 0, 0, 9, 1, 0, 0, 0, 0, 0, 0, 1, 1, 1, 1, 1, 0, 0, 0, 0, 1
sites.google.com, 1, 45, 3, 0, 0, 0, 0, 1, 1, 0, 0, 2, 0, 0, 0, 1, 0, 0, 0, 21, 0, 0, 0, 0, 0, 0, 1, 1, 1, 1, 1, 0, 0, 0, 0, 1
sitebuilder159641.dynadot.com, 1, 38, 0, 0, 0, 0, 0, 1, 1, 0, 0, 2, 0, 0, 0, 1, 0, 0, 6, 1, 0, 0, 0, 0, 1, 0, 1, 1, 1, 1, 1, 0, 0, 0, 0, 1
mvcas.com, 1, 81, 1, 0, 0, 0, 0, 0, 1, 0, 0, 1, 0, 0, 0, 7, 6, 0, 19, 7, 56, 0, 0, 0, 0, 0, 1, 1, 1, 1, 1, 0, 0, 0, 0, 1
nah.uy, 1, 20, 1, 0, 0, 1, 0, 0, 1, 0, 0, 1, 0, 0, 0, 1, 0, 0, 1, 7, 0, 0, 0, 0, 0, 0, 1, 1, 1, 1, 1, 0, 0, 0, 0, 1
85.198.208.150, 1, 53, 4, 1, 0, 1, 1, 0, 0, 0, 0, 4, 0, 0, 0, 1, 0, 0, 11, 32, 0, 0, 0, 0, 0, 0, 1, 1, 1, 1, 1, 0, 0, 0, 1, 1
sparkasse-proton.de, 1, 28, 0, 0, 0, 0, 0, 0, 1, 0, 0, 1, 1, 0, 0, 1, 0, 0, 0, 1, 0, 0, 0, 0, 0, 1, 1, 1, 1, 1, 1, 0, 0, 0, 0, 1
sparkasse-proton.de, 1, 45, 3, 0, 0, 0, 0, 0, 1, 0, 0, 2, 1, 0, 0, 1, 0, 0, 0, 18, 0, 0, 0, 0, 0, 1, 1, 1, 1, 1, 1, 0, 0, 0, 0, 1
lnkd.in, 1, 24, 1, 0, 0, 0, 0, 0, 1, 0, 0, 1, 0, 1, 0, 1, 0, 0, 0, 9, 0, 0, 0, 0, 1, 0, 1, 1, 1, 1, 1, 0, 0, 0, 0, 1
matermask.com, 1, 20, 0, 0, 0, 1, 0, 0, 1, 0, 0, 1, 0, 0, 0, 1, 0, 0, 0, 0, 0, 0, 0, 0, 0, 0, 1, 1, 1, 1, 1, 0, 0, 0, 0, 1
metamask.lt, 1, 18, 0, 0, 0, 1, 0, 0, 1, 0, 0, 1, 0, 0, 0, 1, 0, 0, 0, 0, 0, 0, 0, 0, 0, 0, 1, 1, 1, 1, 1, 0, 0, 0, 0, 1
karataka.xyz, 1, 21, 0, 0, 0, 0, 0, 0, 1, 0, 0, 1, 0, 0, 0, 1, 0, 0, 0, 1, 0, 0, 0, 0, 0, 0, 1, 1, 1, 1, 1, 1, 1, 1, 1, 1
btsei.net, 1, 17, 0, 0, 0, 1, 0, 0, 1, 0, 0, 1, 0, 0, 0, 1, 0, 0, 0, 1, 0, 0, 0, 0, 0, 0, 1, 1, 1, 1, 1, 0, 0, 0, 0, 1
btsei.net, 1, 18, 0, 0, 0, 0, 0, 0, 1, 0, 0, 1, 0, 0, 0, 1, 0, 0, 0, 1, 0, 0, 0, 0, 0, 0, 1, 1, 1, 1, 1, 0, 0, 0, 0, 1
exodus6.blogspot.com, 1, 28, 0, 0, 0, 0, 0, 1, 1, 0, 0, 2, 0, 0, 0, 1, 0, 0, 1, 0, 0, 0, 0, 0, 1, 0, 1, 1, 1, 1, 1, 0, 0, 0, 1, 1
summary-protocol.report-accts-notification.workers.dev, 1, 63, 0, 0, 0, 0, 0, 1, 1, 0, 0, 3, 3, 0, 0, 1, 0, 0, 0, 1, 0, 0, 0, 0, 0, 1, 1, 1, 1, 1, 1, 0, 0, 0, 0, 1
zrwsx.rf.gd, 1, 34, 1, 0, 0, 1, 0, 1, 1, 0, 0, 3, 0, 0, 0, 1, 0, 0, 1, 12, 3, 0, 0, 0, 0, 0, 1, 1, 1, 1, 1, 0, 0, 0, 0, 1
delicate-bush-0904.rcvrypahsajk.workers.dev, 1, 52, 0, 0, 0, 0, 0, 1, 1, 0, 0, 3, 2, 0, 0, 1, 0, 0, 4, 1, 0, 0, 0, 0, 0, 1, 1, 1, 1, 1, 1, 0, 0, 0, 0, 1
pages-account-help-protect.ga, 1, 37, 0, 0, 0, 1, 0, 0, 1, 0, 0, 1, 3, 0, 0, 1, 0, 0, 0, 1, 0, 1, 0, 0, 0, 1, 1, 1, 1, 1, 1, 0, 0, 0, 0, 1
