sky-authenticate.web.app, 1, 33, 0, 0, 0, 0, 0, 1, 1, 0, 0, 2, 1, 0, 0, 1, 0, 0, 0, 1, 0, 0, 0, 0, 0, 1, 1, 1, 1, 1, 1, 0, 0, 0, 0, 1
sky-authenticate.firebaseapp.com, 1, 41, 0, 0, 0, 0, 0, 1, 1, 0, 0, 2, 1, 0, 0, 1, 0, 0, 0, 1, 0, 0, 0, 0, 0, 1, 1, 1, 1, 1, 1, 0, 0, 0, 0, 1
view-folder-share-doc-file.web.app, 1, 43, 0, 0, 0, 0, 0, 1, 1, 0, 0, 2, 4, 0, 0, 1, 0, 0, 0, 1, 0, 0, 0, 0, 0, 1, 1, 1, 1, 1, 1, 0, 0, 0, 0, 1
view-folder-share-doc-file.firebaseapp.com, 1, 51, 0, 0, 0, 0, 0, 1, 1, 0, 0, 2, 4, 0, 0, 1, 0, 0, 0, 1, 0, 0, 0, 0, 0, 1, 1, 1, 1, 1, 1, 0, 0, 0, 0, 1
s23.proserv.ge, 1, 77, 2, 0, 1, 0, 0, 1, 1, 0, 0, 3, 0, 2, 0, 2, 1, 0, 3, 15, 39, 0, 0, 0, 0, 0, 1, 1, 1, 1, 1, 0, 0, 0, 0, 1
author.cntraveller.in, 1, 57, 4, 0, 0, 0, 0, 1, 1, 0, 0, 3, 0, 0, 0, 1, 0, 0, 1, 28, 0, 0, 0, 0, 0, 0, 1, 1, 1, 1, 1, 0, 0, 0, 0, 1
secure.authscvsecure.com, 1, 46, 2, 0, 0, 0, 0, 1, 1, 0, 0, 3, 0, 0, 0, 1, 0, 0, 0, 14, 0, 2, 0, 0, 0, 0, 1, 1, 1, 1, 1, 0, 0, 0, 0, 1
withsupportaids.com, 1, 28, 0, 0, 0, 0, 0, 0, 1, 0, 0, 1, 0, 0, 0, 1, 0, 0, 0, 1, 0, 0, 0, 0, 0, 0, 1, 1, 1, 1, 1, 0, 0, 0, 0, 1
redelivery-shippingissues02id33254usp.oznemedya.com, 1, 64, 0, 0, 0, 0, 0, 1, 1, 0, 0, 3, 1, 0, 0, 1, 0, 0, 7, 1, 0, 0, 0, 0, 0, 1, 1, 1, 1, 1, 1, 0, 0, 0, 0, 1
dimovskavio3456.000webhostapp.com, 1, 115, 2, 0, 0, 0, 0, 1, 1, 0, 0, 4, 0, 0, 5, 1, 1, 0, 17, 74, 0, 0, 0, 0, 0, 0, 1, 1, 1, 1, 1, 0, 0, 0, 0, 1
online-podpora.cc, 1, 25, 0, 0, 0, 1, 0, 0, 1, 0, 0, 1, 1, 0, 0, 1, 0, 0, 0, 1, 0, 0, 0, 0, 0, 1, 1, 1, 1, 1, 1, 0, 0, 0, 0, 1
bancaporlnternetlnterbarnk.mysorabitgroup.com, 1, 57, 0, 0, 0, 1, 0, 1, 1, 0, 0, 3, 0, 0, 0, 1, 0, 0, 0, 1, 0, 0, 0, 0, 0, 0, 1, 1, 1, 1, 1, 0, 0, 0, 0, 1
href.li, 1, 49, 0, 0, 0, 0, 0, 0, 1, 0, 0, 3, 0, 0, 0, 1, 0, 0, 0, 1, 32, 0, 0, 1, 0, 0, 1, 1, 1, 1, 1, 0, 0, 0, 0, 1
sonng-doceeg-jp.ohoyqbzl.cn, 1, 36, 0, 0, 0, 0, 0, 1, 1, 0, 0, 2, 2, 0, 0, 1, 0, 0, 0, 1, 0, 0, 0, 0, 0, 1, 1, 1, 1, 1, 1, 1, 1, 1, 1, 1
doceeg-jp.qkhhpxos.cn, 1, 30, 0, 0, 0, 0, 0, 1, 1, 0, 0, 2, 1, 0, 0, 1, 0, 0, 0, 1, 0, 0, 0, 0, 0, 1, 1, 1, 1, 1, 1, 1, 1, 1, 1, 1
docs.google.com, 1, 111, 5, 0, 0, 0, 0, 1, 1, 0, 0, 2, 0, 2, 0, 1, 0, 0, 12, 76, 11, 0, 0, 0, 0, 0, 1, 1, 1, 1, 1, 0, 0, 0, 0, 1
polygon-wallet0.blogspot.com, 1, 37, 0, 0, 0, 0, 0, 1, 1, 0, 0, 2, 1, 0, 0, 1, 0, 0, 1, 1, 0, 0, 0, 0, 1, 1, 1, 1, 1, 1, 1, 0, 0, 0, 0, 1
ww11.lbk-personas.website, 1, 33, 0, 0, 0, 1, 0, 1, 1, 0, 0, 2, 1, 0, 0, 1, 0, 0, 2, 1, 0, 0, 0, 0, 0, 1, 1, 1, 1, 1, 1, 0, 0, 0, 0, 1
sites.google.com, 1, 49, 3, 0, 0, 0, 0, 1, 1, 0, 0, 2, 0, 0, 0, 1, 0, 0, 0, 25, 0, 0, 0, 0, 0, 0, 1, 1, 1, 1, 1, 0, 0, 0, 0, 1
polygon.tecnologiy.org, 1, 40, 1, 0, 0, 0, 0, 1, 1, 0, 0, 2, 0, 0, 0, 1, 0, 0, 0, 10, 0, 0, 0, 0, 0, 0, 1, 1, 1, 1, 1, 1, 1, 1, 1, 1
polygon.tecnologiy.org, 1, 31, 0, 0, 0, 0, 0, 1, 1, 0, 0, 2, 0, 0, 0, 1, 0, 0, 0, 1, 0, 0, 0, 0, 0, 0, 1, 1, 1, 1, 1, 1, 1, 1, 1, 1
swap-metamask.com, 1, 24, 0, 0, 0, 1, 0, 0, 1, 0, 0, 1, 1, 0, 0, 1, 0, 0, 0, 0, 0, 0, 0, 0, 0, 1, 1, 1, 1, 1, 1, 1, 1, 1, 1, 1
ovhh-19f4a.web.app, 1, 58, 0, 1, 0, 0, 0, 1, 1, 0, 0, 3, 1, 0, 0, 1, 0, 1, 5, 1, 0, 0, 0, 0, 0, 1, 1, 1, 1, 1, 1, 0, 0, 0, 0, 1
blog.4price.sk, 1, 23, 0, 0, 0, 0, 0, 1, 1, 0, 0, 2, 0, 0, 0, 1, 0, 0, 1, 1, 0, 0, 0, 0, 0, 0, 1, 1, 1, 1, 1, 0, 0, 0, 0, 1
pukjh.5b1ui1vm.cn, 1, 25, 0, 0, 0, 0, 0, 1, 1, 0, 0, 2, 0, 0, 0, 1, 0, 0, 3, 0, 0, 0, 0, 0, 0, 0, 1, 1, 1, 1, 1, 1, 1, 1, 1, 1
bfdng.q0tr8uwhn.cn, 1, 26, 0, 0, 0, 0, 0, 1, 1, 0, 0, 2, 0, 0, 0, 1, 0, 0, 2, 0, 0, 0, 0, 0, 0, 0, 1, 1, 1, 1, 1, 1, 1, 1, 1, 1
vcxasf.xqckft8t2.cn, 1, 27, 0, 0, 0, 0, 0, 1, 1, 0, 0, 2, 0, 0, 0, 1, 0, 0, 2, 0, 0, 0, 0, 0, 0, 0, 1, 1, 1, 1, 1, 1, 1, 1, 1, 1
bvfds.q0m7xbwp.cn, 1, 25, 0, 0, 0, 0, 0, 1, 1, 0, 0, 2, 0, 0, 0, 1, 0, 0, 2, 0, 0, 0, 0, 0, 0, 0, 1, 1, 1, 1, 1, 1, 1, 1, 1, 1
rgwes.4xny0d26.cn, 1, 25, 0, 0, 0, 0, 0, 1, 1, 0, 0, 2, 0, 0, 0, 1, 0, 0, 4, 0, 0, 0, 0, 0, 0, 0, 1, 1, 1, 1, 1, 1, 1, 1, 1, 1
bfdbfb.t1tr0zd6.cn, 1, 26, 0, 0, 0, 0, 0, 1, 1, 0, 0, 2, 0, 0, 0, 1, 0, 0, 3, 0, 0, 0, 0, 0, 0, 0, 1, 1, 1, 1, 1, 1, 1, 1, 1, 1
bfdgds.nd9t3s49.cn, 1, 26, 0, 0, 0, 0, 0, 1, 1, 0, 0, 2, 0, 0, 0, 1, 0, 0, 4, 0, 0, 0, 0, 0, 0, 0, 1, 1, 1, 1, 1, 1, 1, 1, 1, 1
njmtgd.4mmes8ub.cn, 1, 26, 0, 0, 0, 0, 0, 1, 1, 0, 0, 2, 0, 0, 0, 1, 0, 0, 2, 0, 0, 0, 0, 0, 0, 0, 1, 1, 1, 1, 1, 1, 1, 1, 1, 1
wsqfd.sfknqv6b1.cn, 1, 26, 0, 0, 0, 0, 0, 1, 1, 0, 0, 2, 0, 0, 0, 1, 0, 0, 2, 0, 0, 0, 0, 0, 0, 0, 1, 1, 1, 1, 1, 1, 1, 1, 1, 1
vdxszg.ktnwwapms.cn, 1, 27, 0, 0, 0, 0, 0, 1, 1, 0, 0, 2, 0, 0, 0, 1, 0, 0, 0, 0, 0, 0, 0, 0, 0, 0, 1, 1, 1, 1, 1, 1, 1, 1, 1, 1
123cashs.com, 1, 24, 1, 0, 0, 0, 0, 0, 1, 0, 0, 1, 0, 0, 0, 1, 0, 0, 3, 4, 0, 0, 0, 0, 0, 0, 1, 1, 1, 1, 1, 0, 0, 0, 0, 1
vdsfgb.a0jdqro2.cn, 1, 26, 0, 0, 0, 0, 0, 1, 1, 0, 0, 2, 0, 0, 0, 1, 0, 0, 2, 0, 0, 0, 0, 0, 0, 0, 1, 1, 1, 1, 1, 1, 1, 1, 1, 1
nhtdgv.v8qxljhgk.cn, 1, 27, 0, 0, 0, 0, 0, 1, 1, 0, 0, 2, 0, 0, 0, 1, 0, 0, 1, 0, 0, 0, 0, 0, 0, 0, 1, 1, 1, 1, 1, 1, 1, 1, 1, 1
servic-4096.awuqohsjo9847.workers.dev, 1, 46, 0, 0, 0, 0, 0, 1, 1, 0, 0, 3, 1, 0, 0, 1, 0, 0, 8, 1, 0, 0, 0, 0, 0, 1, 1, 1, 1, 1, 1, 0, 0, 0, 0, 1
discord-add.com, 1, 30, 1, 0, 0, 0, 0, 0, 1, 0, 0, 1, 1, 0, 0, 1, 0, 0, 0, 7, 0, 0, 0, 0, 0, 1, 1, 1, 1, 1, 1, 1, 1, 1, 1, 1
disrcods-gift.com, 1, 37, 1, 0, 0, 0, 0, 0, 1, 0, 0, 1, 1, 0, 0, 1, 0, 0, 0, 12, 0, 0, 0, 0, 1, 1, 1, 1, 1, 1, 1, 1, 1, 1, 1, 1
calcuttaplastics.com, 1, 28, 0, 0, 0, 1, 0, 0, 1, 0, 0, 1, 0, 0, 0, 1, 0, 0, 0, 1, 0, 0, 0, 0, 0, 0, 1, 1, 1, 1, 1, 0, 0, 0, 0, 1
siteform.azurewebsites.net, 1, 35, 0, 0, 0, 0, 0, 1, 1, 0, 0, 2, 0, 0, 0, 1, 0, 0, 0, 1, 0, 0, 0, 0, 0, 0, 1, 1, 1, 1, 1, 1, 1, 1, 1, 1
sandbox.the-cave.co.uk, 1, 30, 0, 0, 0, 1, 0, 1, 1, 0, 0, 3, 1, 0, 0, 1, 0, 0, 0, 1, 0, 0, 0, 0, 0, 1, 1, 1, 1, 1, 1, 0, 0, 0, 0, 1
sisinterim.sn, 1, 41, 2, 0, 0, 0, 0, 0, 1, 0, 0, 1, 0, 0, 0, 1, 0, 0, 0, 20, 0, 0, 0, 0, 0, 0, 1, 1, 1, 1, 1, 0, 0, 0, 0, 1
crossfryerross.com, 1, 44, 2, 0, 0, 0, 0, 0, 1, 0, 0, 1, 0, 0, 0, 1, 0, 0, 0, 18, 0, 0, 0, 0, 0, 0, 1, 1, 1, 1, 1, 0, 0, 0, 0, 1
emailservices-webprovide-41a6.wemovetesting.workers.dev, 1, 64, 0, 0, 0, 0, 0, 1, 1, 0, 0, 3, 2, 0, 0, 1, 0, 0, 3, 1, 0, 0, 0, 0, 0, 1, 1, 1, 1, 1, 1, 0, 0, 0, 0, 1
thyred.vpu4z1hi.cn, 1, 26, 0, 0, 0, 0, 0, 1, 1, 0, 0, 2, 0, 0, 0, 1, 0, 0, 2, 0, 0, 0, 0, 0, 0, 0, 1, 1, 1, 1, 1, 1, 1, 1, 1, 1
dainikjeevan.com, 1, 25, 0, 0, 0, 0, 0, 0, 1, 0, 0, 1, 0, 0, 0, 1, 0, 0, 0, 1, 0, 0, 0, 0, 0, 0, 1, 1, 1, 1, 1, 0, 0, 0, 0, 1
bvfcdx.wcakgjbve.cn, 1, 27, 0, 0, 0, 0, 0, 1, 1, 0, 0, 2, 0, 0, 0, 1, 0, 0, 0, 0, 0, 0, 0, 0, 0, 0, 1, 1, 1, 1, 1, 1, 1, 1, 1, 1
bfdbn.c07h9uhk.cn, 1, 25, 0, 0, 0, 0, 0, 1, 1, 0, 0, 2, 0, 0, 0, 1, 0, 0, 3, 0, 0, 0, 0, 0, 0, 0, 1, 1, 1, 1, 1, 1, 1, 1, 1, 1
realesign.com, 1, 54, 4, 0, 0, 0, 0, 0, 1, 0, 0, 2, 0, 0, 0, 1, 0, 0, 0, 33, 0, 0, 0, 0, 0, 0, 1, 1, 1, 1, 1, 0, 0, 0, 0, 1
rgdbf.ibw6oi0g.cn, 1, 25, 0, 0, 0, 0, 0, 1, 1, 0, 0, 2, 0, 0, 0, 1, 0, 0, 2, 0, 0, 0, 0, 0, 0, 0, 1, 1, 1, 1, 1, 1, 1, 1, 1, 1
bvfdasf.mcn50epbd.cn, 1, 28, 0, 0, 0, 0, 0, 1, 1, 0, 0, 2, 0, 0, 0, 1, 0, 0, 2, 0, 0, 0, 0, 0, 0, 0, 1, 1, 1, 1, 1, 1, 1, 1, 1, 1
jtrffds.twyl7oj0.cn, 1, 27, 0, 0, 0, 0, 0, 1, 1, 0, 0, 2, 0, 0, 0, 1, 0, 0, 2, 0, 0, 0, 0, 0, 0, 0, 1, 1, 1, 1, 1, 1, 1, 1, 1, 1
gvfdsg.7l3fq6bnq.cn, 1, 27, 0, 0, 0, 0, 0, 1, 1, 0, 0, 2, 0, 0, 0, 1, 0, 0, 3, 0, 0, 0, 0, 0, 0, 0, 1, 1, 1, 1, 1, 1, 1, 1, 1, 1
gbvfdsg.lfg1rd2b.cn, 1, 27, 0, 0, 0, 0, 0, 1, 1, 0, 0, 2, 0, 0, 0, 1, 0, 0, 2, 0, 0, 0, 0, 0, 0, 0, 1, 1, 1, 1, 1, 1, 1, 1, 1, 1
dgdscs.u0k0daxy.cn, 1, 26, 0, 0, 0, 0, 0, 1, 1, 0, 0, 2, 0, 0, 0, 1, 0, 0, 2, 0, 0, 0, 0, 0, 0, 0, 1, 1, 1, 1, 1, 1, 1, 1, 1, 1
fdgds.iql7u9mt.cn, 1, 25, 0, 0, 0, 0, 0, 1, 1, 0, 0, 2, 0, 0, 0, 1, 0, 0, 2, 0, 0, 0, 0, 0, 0, 0, 1, 1, 1, 1, 1, 1, 1, 1, 1, 1
yjfdgs.0deovsg3.cn, 1, 26, 0, 0, 0, 0, 0, 1, 1, 0, 0, 2, 0, 0, 0, 1, 0, 0, 2, 0, 0, 0, 0, 0, 0, 0, 1, 1, 1, 1, 1, 1, 1, 1, 1, 1
nhbhfd.gitt0qec.cn, 1, 26, 0, 0, 0, 0, 0, 1, 1, 0, 0, 2, 0, 0, 0, 1, 0, 0, 1, 0, 0, 0, 0, 0, 0, 0, 1, 1, 1, 1, 1, 1, 1, 1, 1, 1
jgyhd.a2cot996.cn, 1, 25, 0, 0, 0, 0, 0, 1, 1, 0, 0, 2, 0, 0, 0, 1, 0, 0, 4, 0, 0, 0, 0, 0, 0, 0, 1, 1, 1, 1, 1, 1, 1, 1, 1, 1
bfdads.8vvjxd9pp.cn, 1, 27, 0, 0, 0, 0, 0, 1, 1, 0, 0, 2, 0, 0, 0, 1, 0, 0, 2, 0, 0, 0, 0, 0, 0, 0, 1, 1, 1, 1, 1, 1, 1, 1, 1, 1
protected-message2022-1311615844.cos.na-ashburn.myqcloud.com, 1, 80, 1, 0, 0, 0, 0, 1, 1, 0, 0, 5, 3, 0, 0, 1, 0, 0, 14, 12, 0, 1, 0, 0, 0, 1, 1, 1, 1, 1, 1, 0, 0, 0, 0, 1
nmjgfs.cehhziyt0.cn, 1, 27, 0, 0, 0, 0, 0, 1, 1, 0, 0, 2, 0, 0, 0, 1, 0, 0, 1, 0, 0, 0, 0, 0, 0, 0, 1, 1, 1, 1, 1, 1, 1, 1, 1, 1
jansen.direcionare.com, 1, 37, 1, 0, 0, 0, 0, 1, 1, 0, 0, 2, 0, 0, 0, 1, 0, 0, 1, 7, 0, 0, 0, 0, 0, 0, 1, 1, 1, 1, 1, 0, 0, 0, 1, 1
bfdgbg.zq34z04p.cn, 1, 26, 0, 0, 0, 0, 0, 1, 1, 0, 0, 2, 0, 0, 0, 1, 0, 0, 4, 0, 0, 0, 0, 0, 0, 0, 1, 1, 1, 1, 1, 1, 1, 1, 1, 1
0bebe76d.sibforms.com, 1, 244, 2, 0, 0, 0, 0, 1, 1, 0, 0, 2, 0, 2, 0, 1, 0, 0, 38, 215, 0, 0, 0, 0, 0, 0, 1, 1, 1, 1, 1, 0, 0, 0, 0, 1
yudvxue.cn, 1, 18, 0, 0, 0, 0, 0, 0, 1, 0, 0, 1, 0, 0, 0, 1, 0, 0, 0, 0, 0, 0, 0, 0, 0, 0, 1, 1, 1, 1, 1, 1, 1, 1, 1, 1
rgwes.4xny0d26.cn, 1, 26, 0, 0, 0, 0, 0, 1, 1, 0, 0, 2, 0, 0, 0, 1, 0, 0, 4, 1, 0, 0, 0, 0, 0, 0, 1, 1, 1, 1, 1, 1, 1, 1, 1, 1
yudvxue.cn, 1, 19, 0, 0, 0, 0, 0, 0, 1, 0, 0, 1, 0, 0, 0, 1, 0, 0, 0, 1, 0, 0, 0, 0, 0, 0, 1, 1, 1, 1, 1, 1, 1, 1, 1, 1
ne12.bradesconetempresa.b.br, 1, 60, 2, 0, 0, 0, 0, 1, 1, 0, 0, 5, 0, 0, 0, 1, 0, 0, 2, 20, 0, 1, 0, 0, 0, 0, 1, 1, 1, 1, 1, 0, 0, 0, 0, 1
novo-protocoloco-de-atendimento-no-pc.netempresamo.com, 1, 90, 2, 0, 0, 0, 0, 1, 1, 0, 0, 2, 5, 0, 0, 1, 0, 0, 0, 28, 0, 0, 0, 0, 0, 1, 1, 1, 1, 1, 1, 0, 0, 0, 0, 1
bvdsas.splyl6aq.cn, 1, 26, 0, 0, 0, 0, 0, 1, 1, 0, 0, 2, 0, 0, 0, 1, 0, 0, 1, 0, 0, 0, 0, 0, 0, 0, 1, 1, 1, 1, 1, 1, 1, 1, 1, 1
metamaskblack.info, 1, 25, 0, 0, 0, 1, 0, 0, 1, 0, 0, 1, 0, 0, 0, 1, 0, 0, 0, 0, 0, 0, 0, 0, 0, 0, 1, 1, 1, 1, 1, 1, 1, 1, 1, 1
gaadistand.com, 1, 35, 1, 0, 0, 0, 0, 1, 1, 0, 0, 2, 0, 0, 0, 1, 0, 0, 0, 9, 0, 0, 0, 0, 0, 0, 1, 1, 1, 1, 1, 0, 0, 0, 0, 1
axileinfinity.com, 1, 27, 0, 0, 0, 0, 0, 0, 1, 0, 0, 1, 0, 0, 0, 1, 0, 1, 0, 1, 0, 0, 0, 0, 0, 0, 1, 1, 1, 1, 1, 1, 1, 1, 1, 1
linktr.ee, 1, 26, 1, 0, 0, 0, 0, 0, 1, 0, 0, 1, 0, 0, 0, 1, 0, 0, 0, 9, 0, 0, 0, 0, 0, 0, 1, 1, 1, 1, 1, 0, 0, 0, 0, 1
bankdirect.acquia-demo.com, 1, 35, 0, 0, 0, 0, 0, 1, 1, 0, 0, 2, 1, 0, 0, 1, 0, 0, 0, 1, 0, 0, 0, 0, 0, 1, 1, 1, 1, 1, 1, 1, 1, 1, 1, 1
midwesthomesinc.com, 1, 33, 2, 0, 0, 0, 0, 0, 1, 0, 0, 1, 0, 0, 0, 1, 0, 0, 1, 6, 0, 0, 0, 0, 0, 0, 1, 1, 1, 1, 1, 0, 0, 0, 0, 1
bit.do, 1, 20, 1, 0, 0, 0, 0, 0, 1, 0, 0, 1, 0, 0, 0, 1, 0, 0, 0, 6, 0, 0, 0, 0, 1, 0, 1, 1, 1, 1, 1, 0, 0, 0, 0, 1
