rf-incompleta-app-link.preview-domain.com, 1, 50, 0, 0, 0, 0, 0, 1, 1, 0, 0, 2, 4, 0, 0, 1, 0, 0, 0, 1, 0, 0, 0, 0, 0, 1, 1, 1, 1, 0, 0, 0, 0, 0, 0, 1
tautan-ig-copy-wqzy.com, 1, 35, 0, 0, 0, 1, 0, 1, 1, 0, 0, 2, 3, 0, 0, 1, 0, 0, 0, 1, 0, 0, 0, 0, 0, 1, 1, 1, 1, 1, 1, 1, 1, 1, 1, 1
instgrm-post-copy.com, 1, 33, 0, 0, 0, 1, 0, 1, 1, 0, 0, 2, 2, 0, 0, 1, 0, 0, 0, 1, 0, 0, 0, 0, 0, 1, 1, 1, 1, 1, 1, 1, 1, 1, 1, 1
lnstgrm-copy.com, 1, 28, 0, 0, 0, 1, 0, 1, 1, 0, 0, 2, 1, 0, 0, 1, 0, 0, 0, 1, 0, 0, 0, 0, 0, 1, 1, 1, 1, 1, 1, 1, 1, 1, 1, 1
lnstgrm-postng-copy.com, 1, 35, 0, 0, 0, 1, 0, 1, 1, 0, 0, 2, 2, 0, 0, 1, 0, 0, 0, 1, 0, 0, 0, 0, 0, 1, 1, 1, 1, 1, 1, 1, 1, 1, 1, 1
maintain-mail-server.on.fleek.co, 1, 50, 0, 1, 0, 0, 0, 1, 1, 0, 1, 4, 2, 0, 0, 1, 0, 1, 0, 2, 0, 0, 0, 1, 0, 1, 1, 1, 1, 0, 0, 0, 0, 0, 0, 1
pageidentity2022.com, 1, 41, 1, 0, 0, 1, 0, 0, 1, 0, 0, 2, 0, 0, 0, 1, 0, 0, 4, 14, 0, 1, 0, 0, 0, 0, 1, 1, 1, 1, 1, 0, 0, 0, 0, 1
breached.co, 1, 64, 1, 0, 0, 0, 0, 0, 1, 0, 0, 1, 0, 0, 0, 1, 0, 0, 0, 30, 14, 0, 0, 0, 0, 0, 1, 1, 1, 0, 0, 0, 0, 0, 0, 1
exodusupd.com, 1, 21, 0, 0, 0, 0, 0, 0, 1, 0, 0, 1, 0, 0, 0, 1, 0, 0, 0, 0, 0, 0, 0, 0, 0, 0, 1, 1, 1, 1, 1, 1, 1, 1, 1, 1
qr.net, 1, 21, 1, 0, 0, 0, 0, 0, 1, 0, 0, 1, 0, 0, 0, 1, 0, 0, 1, 7, 0, 0, 0, 0, 1, 0, 1, 1, 1, 0, 0, 0, 0, 0, 0, 1
asceosuu-aosoeiansmrio.02km.top, 1, 44, 0, 0, 0, 0, 0, 1, 1, 0, 0, 3, 1, 0, 0, 1, 0, 0, 2, 1, 0, 0, 0, 0, 0, 1, 1, 1, 1, 1, 1, 1, 1, 1, 1, 1
asceosuu-aosoeiansmrio.0p4.top, 1, 43, 0, 0, 0, 0, 0, 1, 1, 0, 0, 3, 1, 0, 0, 1, 0, 0, 2, 1, 0, 0, 0, 0, 0, 1, 1, 1, 1, 1, 1, 1, 1, 1, 1, 1
asceosuu-aosoeiansmrio.0s4.top, 1, 43, 0, 0, 0, 0, 0, 1, 1, 0, 0, 3, 1, 0, 0, 1, 0, 0, 2, 1, 0, 0, 0, 0, 0, 1, 1, 1, 1, 1, 1, 1, 1, 1, 1, 1
asceosuu-aosoeiansmrio.0u6.top, 1, 43, 0, 0, 0, 0, 0, 1, 1, 0, 0, 3, 1, 0, 0, 1, 0, 0, 2, 1, 0, 0, 0, 0, 0, 1, 1, 1, 1, 1, 1, 1, 1, 1, 1, 1
asceosuu-aosoeiansmrio.1i6.top, 1, 43, 0, 0, 0, 0, 0, 1, 1, 0, 0, 3, 1, 0, 0, 1, 0, 0, 2, 1, 0, 0, 0, 0, 0, 1, 1, 1, 1, 1, 1, 1, 1, 1, 1, 1
asceosuu-aosoeiansmrio.2v0.top, 1, 43, 0, 0, 0, 0, 0, 1, 1, 0, 0, 3, 1, 0, 0, 1, 0, 0, 2, 1, 0, 0, 0, 0, 0, 1, 1, 1, 1, 1, 1, 1, 1, 1, 1, 1
asceosuu-aosoeiansmrio.2v4.top, 1, 43, 0, 0, 0, 0, 0, 1, 1, 0, 0, 3, 1, 0, 0, 1, 0, 0, 2, 1, 0, 0, 0, 0, 0, 1, 1, 1, 1, 1, 1, 1, 1, 1, 1, 1
asceosuu-aosoeiansmrio.3333zd.top, 1, 46, 0, 0, 0, 0, 0, 1, 1, 0, 0, 3, 1, 0, 0, 1, 0, 0, 4, 1, 0, 0, 0, 0, 0, 1, 1, 1, 1, 1, 1, 1, 1, 1, 1, 1
asceosuu-aosoeiansmrio.3b6.top, 1, 43, 0, 0, 0, 0, 0, 1, 1, 0, 0, 3, 1, 0, 0, 1, 0, 0, 2, 1, 0, 0, 0, 0, 0, 1, 1, 1, 1, 1, 1, 1, 1, 1, 1, 1
asceosuu-aosoeiansmrio.3c8.top, 1, 43, 0, 0, 0, 0, 0, 1, 1, 0, 0, 3, 1, 0, 0, 1, 0, 0, 2, 1, 0, 0, 0, 0, 0, 1, 1, 1, 1, 1, 1, 1, 1, 1, 1, 1
asceosuu-aosoeiansmrio.3g5.top, 1, 43, 0, 0, 0, 0, 0, 1, 1, 0, 0, 3, 1, 0, 0, 1, 0, 0, 2, 1, 0, 0, 0, 0, 0, 1, 1, 1, 1, 1, 1, 1, 1, 1, 1, 1
asceosuu-aosoeiansmrio.4-4-jwangzhan.top, 1, 53, 0, 0, 0, 0, 0, 1, 1, 0, 0, 3, 3, 0, 0, 1, 0, 0, 2, 1, 0, 0, 0, 0, 0, 1, 1, 1, 1, 1, 1, 1, 1, 1, 1, 1
asceosuu-aosoeiansmrio.7s4.top, 1, 43, 0, 0, 0, 0, 0, 1, 1, 0, 0, 3, 1, 0, 0, 1, 0, 0, 2, 1, 0, 0, 0, 0, 0, 1, 1, 1, 1, 1, 1, 1, 1, 1, 1, 1
asceosuu-aosoeiansmrio.fugeshop.top, 1, 48, 0, 0, 0, 0, 0, 1, 1, 0, 0, 3, 1, 0, 0, 1, 0, 0, 0, 1, 0, 0, 0, 0, 0, 1, 1, 1, 1, 1, 1, 1, 1, 1, 1, 1
asceosuu-aosoeiansmrio.hao35.top, 1, 45, 0, 0, 0, 0, 0, 1, 1, 0, 0, 3, 1, 0, 0, 1, 0, 0, 2, 1, 0, 0, 0, 0, 0, 1, 1, 1, 1, 1, 1, 1, 1, 1, 1, 1
asceosuu-aosoeiansmrio.huhang88.top, 1, 48, 0, 0, 0, 0, 0, 1, 1, 0, 0, 3, 1, 0, 0, 1, 0, 0, 2, 1, 0, 0, 0, 0, 0, 1, 1, 1, 1, 1, 1, 1, 1, 1, 1, 1
asceosuu-aosoeiansmrio.krfkw.top, 1, 45, 0, 0, 0, 0, 0, 1, 1, 0, 0, 3, 1, 0, 0, 1, 0, 0, 0, 1, 0, 0, 0, 0, 0, 1, 1, 1, 1, 1, 1, 1, 1, 1, 1, 1
asceosuu-aosoeiansmrio.ri5.top, 1, 43, 0, 0, 0, 0, 0, 1, 1, 0, 0, 3, 1, 0, 0, 1, 0, 0, 1, 1, 0, 0, 0, 0, 0, 1, 1, 1, 1, 1, 1, 1, 1, 1, 1, 1
asceosuu-aosoeiansmrio.ucw8.top, 1, 44, 0, 0, 0, 0, 0, 1, 1, 0, 0, 3, 1, 0, 0, 1, 0, 0, 1, 1, 0, 0, 0, 0, 0, 1, 1, 1, 1, 1, 1, 1, 1, 1, 1, 1
asceosuu-aosoeiansmrio.zd99999.top, 1, 47, 0, 0, 0, 0, 0, 1, 1, 0, 0, 3, 1, 0, 0, 1, 0, 0, 5, 1, 0, 0, 0, 0, 0, 1, 1, 1, 1, 1, 1, 1, 1, 1, 1, 1
asceosuu-aosoeiansmrio.zh5566.top, 1, 46, 0, 0, 0, 0, 0, 1, 1, 0, 0, 3, 1, 0, 0, 1, 0, 0, 4, 1, 0, 0, 0, 0, 0, 1, 1, 1, 1, 1, 1, 1, 1, 1, 1, 1
asceosuu-aosoeiansmrio.zh9922.top, 1, 46, 0, 0, 0, 0, 0, 1, 1, 0, 0, 3, 1, 0, 0, 1, 0, 0, 4, 1, 0, 0, 0, 0, 0, 1, 1, 1, 1, 1, 1, 1, 1, 1, 1, 1
asceosuu-asoeosmccnams.01cw.top, 1, 44, 0, 0, 0, 0, 0, 1, 1, 0, 0, 3, 1, 0, 0, 1, 0, 0, 2, 1, 0, 0, 0, 0, 0, 1, 1, 1, 1, 1, 1, 1, 1, 1, 1, 1
asceosuu-asoeosmccnams.0m6.top, 1, 43, 0, 0, 0, 0, 0, 1, 1, 0, 0, 3, 1, 0, 0, 1, 0, 0, 2, 1, 0, 0, 0, 0, 0, 1, 1, 1, 1, 1, 1, 1, 1, 1, 1, 1
asceosuu-asoeosmccnams.0p4.top, 1, 43, 0, 0, 0, 0, 0, 1, 1, 0, 0, 3, 1, 0, 0, 1, 0, 0, 2, 1, 0, 0, 0, 0, 0, 1, 1, 1, 1, 1, 1, 1, 1, 1, 1, 1
asceosuu-asoeosmccnams.0u5.top, 1, 43, 0, 0, 0, 0, 0, 1, 1, 0, 0, 3, 1, 0, 0, 1, 0, 0, 2, 1, 0, 0, 0, 0, 0, 1, 1, 1, 1, 1, 1, 1, 1, 1, 1, 1
asceosuu-asoeosmccnams.0u6.top, 1, 43, 0, 0, 0, 0, 0, 1, 1, 0, 0, 3, 1, 0, 0, 1, 0, 0, 2, 1, 0, 0, 0, 0, 0, 1, 1, 1, 1, 1, 1, 1, 1, 1, 1, 1
asceosuu-asoeosmccnams.1i6.top, 1, 43, 0, 0, 0, 0, 0, 1, 1, 0, 0, 3, 1, 0, 0, 1, 0, 0, 2, 1, 0, 0, 0, 0, 0, 1, 1, 1, 1, 1, 1, 1, 1, 1, 1, 1
asceosuu-asoeosmccnams.2v0.top, 1, 43, 0, 0, 0, 0, 0, 1, 1, 0, 0, 3, 1, 0, 0, 1, 0, 0, 2, 1, 0, 0, 0, 0, 0, 1, 1, 1, 1, 1, 1, 1, 1, 1, 1, 1
asceosuu-asoeosmccnams.2v4.top, 1, 43, 0, 0, 0, 0, 0, 1, 1, 0, 0, 3, 1, 0, 0, 1, 0, 0, 2, 1, 0, 0, 0, 0, 0, 1, 1, 1, 1, 1, 1, 1, 1, 1, 1, 1
asceosuu-asoeosmccnams.3333zd.top, 1, 46, 0, 0, 0, 0, 0, 1, 1, 0, 0, 3, 1, 0, 0, 1, 0, 0, 4, 1, 0, 0, 0, 0, 0, 1, 1, 1, 1, 1, 1, 1, 1, 1, 1, 1
asceosuu-asoeosmccnams.3b6.top, 1, 43, 0, 0, 0, 0, 0, 1, 1, 0, 0, 3, 1, 0, 0, 1, 0, 0, 2, 1, 0, 0, 0, 0, 0, 1, 1, 1, 1, 1, 1, 1, 1, 1, 1, 1
asceosuu-asoeosmccnams.3c8.top, 1, 43, 0, 0, 0, 0, 0, 1, 1, 0, 0, 3, 1, 0, 0, 1, 0, 0, 2, 1, 0, 0, 0, 0, 0, 1, 1, 1, 1, 1, 1, 1, 1, 1, 1, 1
asceosuu-asoeosmccnams.3f7.top, 1, 43, 0, 0, 0, 0, 0, 1, 1, 0, 0, 3, 1, 0, 0, 1, 0, 0, 2, 1, 0, 0, 0, 0, 0, 1, 1, 1, 1, 1, 1, 1, 1, 1, 1, 1
asceosuu-asoeosmccnams.4-4-jwangzhan.top, 1, 53, 0, 0, 0, 0, 0, 1, 1, 0, 0, 3, 3, 0, 0, 1, 0, 0, 2, 1, 0, 0, 0, 0, 0, 1, 1, 1, 1, 1, 1, 1, 1, 1, 1, 1
asceosuu-asoeosmccnams.4f7.top, 1, 43, 0, 0, 0, 0, 0, 1, 1, 0, 0, 3, 1, 0, 0, 1, 0, 0, 2, 1, 0, 0, 0, 0, 0, 1, 1, 1, 1, 1, 1, 1, 1, 1, 1, 1
asceosuu-asoeosmccnams.5jy8wb.top, 1, 46, 0, 0, 0, 0, 0, 1, 1, 0, 0, 3, 1, 0, 0, 1, 0, 0, 2, 1, 0, 0, 0, 0, 0, 1, 1, 1, 1, 1, 1, 1, 1, 1, 1, 1
asceosuu-asoeosmccnams.7s4.top, 1, 43, 0, 0, 0, 0, 0, 1, 1, 0, 0, 3, 1, 0, 0, 1, 0, 0, 2, 1, 0, 0, 0, 0, 0, 1, 1, 1, 1, 1, 1, 1, 1, 1, 1, 1
asceosuu-asoeosmccnams.e30.top, 1, 43, 0, 0, 0, 0, 0, 1, 1, 0, 0, 3, 1, 0, 0, 1, 0, 0, 2, 1, 0, 0, 0, 0, 0, 1, 1, 1, 1, 1, 1, 1, 1, 1, 1, 1
asceosuu-asoeosmccnams.huhang88.top, 1, 48, 0, 0, 0, 0, 0, 1, 1, 0, 0, 3, 1, 0, 0, 1, 0, 0, 2, 1, 0, 0, 0, 0, 0, 1, 1, 1, 1, 1, 1, 1, 1, 1, 1, 1
asceosuu-asoeosmccnams.krfkw.top, 1, 45, 0, 0, 0, 0, 0, 1, 1, 0, 0, 3, 1, 0, 0, 1, 0, 0, 0, 1, 0, 0, 0, 0, 0, 1, 1, 1, 1, 1, 1, 1, 1, 1, 1, 1
asceosuu-asoeosmccnams.ri5.top, 1, 43, 0, 0, 0, 0, 0, 1, 1, 0, 0, 3, 1, 0, 0, 1, 0, 0, 1, 1, 0, 0, 0, 0, 0, 1, 1, 1, 1, 1, 1, 1, 1, 1, 1, 1
asceosuu-asoeosmccnams.t06266.top, 1, 46, 0, 0, 0, 0, 0, 1, 1, 0, 0, 3, 1, 0, 0, 1, 0, 0, 5, 1, 0, 0, 0, 0, 0, 1, 1, 1, 1, 1, 1, 1, 1, 1, 1, 1
asceosuu-asoeosmccnams.ucw5.top, 1, 44, 0, 0, 0, 0, 0, 1, 1, 0, 0, 3, 1, 0, 0, 1, 0, 0, 1, 1, 0, 0, 0, 0, 0, 1, 1, 1, 1, 1, 1, 1, 1, 1, 1, 1
asceosuu-asoeosmccnams.zh9922.top, 1, 46, 0, 0, 0, 0, 0, 1, 1, 0, 0, 3, 1, 0, 0, 1, 0, 0, 4, 1, 0, 0, 0, 0, 0, 1, 1, 1, 1, 1, 1, 1, 1, 1, 1, 1
asceosuu-asoeosmccnams.zo2n3h.top, 1, 46, 0, 0, 0, 0, 0, 1, 1, 0, 0, 3, 1, 0, 0, 1, 0, 0, 2, 1, 0, 0, 0, 0, 0, 1, 1, 1, 1, 1, 1, 1, 1, 1, 1, 1
asceosuu-asoseisndmsn.01cw.top, 1, 43, 0, 0, 0, 0, 0, 1, 1, 0, 0, 3, 1, 0, 0, 1, 0, 0, 2, 1, 0, 0, 0, 0, 0, 1, 1, 1, 1, 1, 1, 1, 1, 1, 1, 1
asceosuu-asoseisndmsn.02km.top, 1, 43, 0, 0, 0, 0, 0, 1, 1, 0, 0, 3, 1, 0, 0, 1, 0, 0, 2, 1, 0, 0, 0, 0, 0, 1, 1, 1, 1, 1, 1, 1, 1, 1, 1, 1
asceosuu-asoseisndmsn.0m6.top, 1, 42, 0, 0, 0, 0, 0, 1, 1, 0, 0, 3, 1, 0, 0, 1, 0, 0, 2, 1, 0, 0, 0, 0, 0, 1, 1, 1, 1, 1, 1, 1, 1, 1, 1, 1
asceosuu-asoseisndmsn.0p4.top, 1, 42, 0, 0, 0, 0, 0, 1, 1, 0, 0, 3, 1, 0, 0, 1, 0, 0, 2, 1, 0, 0, 0, 0, 0, 1, 1, 1, 1, 1, 1, 1, 1, 1, 1, 1
vystaar-8.duckdns.org, 1, 46, 1, 0, 0, 0, 0, 1, 1, 0, 0, 3, 1, 0, 0, 1, 0, 0, 1, 17, 0, 0, 0, 0, 0, 1, 1, 1, 1, 1, 1, 1, 1, 1, 1, 1
asceosuu-asoseisndmsn.0s4.top, 1, 42, 0, 0, 0, 0, 0, 1, 1, 0, 0, 3, 1, 0, 0, 1, 0, 0, 2, 1, 0, 0, 0, 0, 0, 1, 1, 1, 1, 1, 1, 1, 1, 1, 1, 1
asceosuu-asoseisndmsn.0u5.top, 1, 42, 0, 0, 0, 0, 0, 1, 1, 0, 0, 3, 1, 0, 0, 1, 0, 0, 2, 1, 0, 0, 0, 0, 0, 1, 1, 1, 1, 1, 1, 1, 1, 1, 1, 1
asceosuu-asoseisndmsn.3c8.top, 1, 42, 0, 0, 0, 0, 0, 1, 1, 0, 0, 3, 1, 0, 0, 1, 0, 0, 2, 1, 0, 0, 0, 0, 0, 1, 1, 1, 1, 1, 1, 1, 1, 1, 1, 1
asceosuu-asoseisndmsn.3f7.top, 1, 42, 0, 0, 0, 0, 0, 1, 1, 0, 0, 3, 1, 0, 0, 1, 0, 0, 2, 1, 0, 0, 0, 0, 0, 1, 1, 1, 1, 1, 1, 1, 1, 1, 1, 1
asceosuu-asoseisndmsn.3g5.top, 1, 42, 0, 0, 0, 0, 0, 1, 1, 0, 0, 3, 1, 0, 0, 1, 0, 0, 2, 1, 0, 0, 0, 0, 0, 1, 1, 1, 1, 1, 1, 1, 1, 1, 1, 1
asceosuu-asoseisndmsn.5jy8wb.top, 1, 45, 0, 0, 0, 0, 0, 1, 1, 0, 0, 3, 1, 0, 0, 1, 0, 0, 2, 1, 0, 0, 0, 0, 0, 1, 1, 1, 1, 1, 1, 1, 1, 1, 1, 1
asceosuu-asoseisndmsn.7-6-uwangzhan.top, 1, 52, 0, 0, 0, 0, 0, 1, 1, 0, 0, 3, 3, 0, 0, 1, 0, 0, 2, 1, 0, 0, 0, 0, 0, 1, 1, 1, 1, 1, 1, 1, 1, 1, 1, 1
asceosuu-asoseisndmsn.7s4.top, 1, 42, 0, 0, 0, 0, 0, 1, 1, 0, 0, 3, 1, 0, 0, 1, 0, 0, 2, 1, 0, 0, 0, 0, 0, 1, 1, 1, 1, 1, 1, 1, 1, 1, 1, 1
asceosuu-asoseisndmsn.ggam.top, 1, 43, 0, 0, 0, 0, 0, 1, 1, 0, 0, 3, 1, 0, 0, 1, 0, 0, 0, 1, 0, 0, 0, 0, 0, 1, 1, 1, 1, 1, 1, 1, 1, 1, 1, 1
asceosuu-asoseisndmsn.huhang88.top, 1, 47, 0, 0, 0, 0, 0, 1, 1, 0, 0, 3, 1, 0, 0, 1, 0, 0, 2, 1, 0, 0, 0, 0, 0, 1, 1, 1, 1, 1, 1, 1, 1, 1, 1, 1
asceosuu-asoseisndmsn.krfkw.top, 1, 44, 0, 0, 0, 0, 0, 1, 1, 0, 0, 3, 1, 0, 0, 1, 0, 0, 0, 1, 0, 0, 0, 0, 0, 1, 1, 1, 1, 1, 1, 1, 1, 1, 1, 1
asceosuu-asoseisndmsn.lyyxru.top, 1, 45, 0, 0, 0, 0, 0, 1, 1, 0, 0, 3, 1, 0, 0, 1, 0, 0, 0, 1, 0, 0, 0, 0, 1, 1, 1, 1, 1, 1, 1, 1, 1, 1, 1, 1
asceosuu-asoseisndmsn.t06266.top, 1, 45, 0, 0, 0, 0, 0, 1, 1, 0, 0, 3, 1, 0, 0, 1, 0, 0, 5, 1, 0, 0, 0, 0, 0, 1, 1, 1, 1, 1, 1, 1, 1, 1, 1, 1
asceosuu-asoseisndmsn.ucw5.top, 1, 43, 0, 0, 0, 0, 0, 1, 1, 0, 0, 3, 1, 0, 0, 1, 0, 0, 1, 1, 0, 0, 0, 0, 0, 1, 1, 1, 1, 1, 1, 1, 1, 1, 1, 1
asceosuu-asoseisndmsn.ucw8.top, 1, 43, 0, 0, 0, 0, 0, 1, 1, 0, 0, 3, 1, 0, 0, 1, 0, 0, 1, 1, 0, 0, 0, 0, 0, 1, 1, 1, 1, 1, 1, 1, 1, 1, 1, 1
asceosuu-asoseisndmsn.zd99999.top, 1, 46, 0, 0, 0, 0, 0, 1, 1, 0, 0, 3, 1, 0, 0, 1, 0, 0, 5, 1, 0, 0, 0, 0, 0, 1, 1, 1, 1, 1, 1, 1, 1, 1, 1, 1
asceosuu-asoseisndmsn.zh556.top, 1, 44, 0, 0, 0, 0, 0, 1, 1, 0, 0, 3, 1, 0, 0, 1, 0, 0, 3, 1, 0, 0, 0, 0, 0, 1, 1, 1, 1, 1, 1, 1, 1, 1, 1, 1
asceosuu-asoseisndmsn.zh9922.top, 1, 45, 0, 0, 0, 0, 0, 1, 1, 0, 0, 3, 1, 0, 0, 1, 0, 0, 4, 1, 0, 0, 0, 0, 0, 1, 1, 1, 1, 1, 1, 1, 1, 1, 1, 1
asceosuu-asoseisndmsn.zo2n3h.top, 1, 45, 0, 0, 0, 0, 0, 1, 1, 0, 0, 3, 1, 0, 0, 1, 0, 0, 2, 1, 0, 0, 0, 0, 0, 1, 1, 1, 1, 1, 1, 1, 1, 1, 1, 1
asceosuu-ousaouuaosmenu.01cw.top, 1, 45, 0, 0, 0, 0, 0, 1, 1, 0, 0, 3, 1, 0, 0, 1, 0, 0, 2, 1, 0, 0, 0, 0, 0, 1, 1, 1, 1, 1, 1, 1, 1, 1, 1, 1
asceosuu-ousaouuaosmenu.02km.top, 1, 45, 0, 0, 0, 0, 0, 1, 1, 0, 0, 3, 1, 0, 0, 1, 0, 0, 2, 1, 0, 0, 0, 0, 0, 1, 1, 1, 1, 1, 1, 1, 1, 1, 1, 1
asceosuu-ousaouuaosmenu.0s4.top, 1, 44, 0, 0, 0, 0, 0, 1, 1, 0, 0, 3, 1, 0, 0, 1, 0, 0, 2, 1, 0, 0, 0, 0, 0, 1, 1, 1, 1, 1, 1, 1, 1, 1, 1, 1
asceosuu-ousaouuaosmenu.0u5.top, 1, 44, 0, 0, 0, 0, 0, 1, 1, 0, 0, 3, 1, 0, 0, 1, 0, 0, 2, 1, 0, 0, 0, 0, 0, 1, 1, 1, 1, 1, 1, 1, 1, 1, 1, 1
asceosuu-ousaouuaosmenu.0u6.top, 1, 44, 0, 0, 0, 0, 0, 1, 1, 0, 0, 3, 1, 0, 0, 1, 0, 0, 2, 1, 0, 0, 0, 0, 0, 1, 1, 1, 1, 1, 1, 1, 1, 1, 1, 1
asceosuu-ousaouuaosmenu.1i6.top, 1, 44, 0, 0, 0, 0, 0, 1, 1, 0, 0, 3, 1, 0, 0, 1, 0, 0, 2, 1, 0, 0, 0, 0, 0, 1, 1, 1, 1, 1, 1, 1, 1, 1, 1, 1
asceosuu-ousaouuaosmenu.2v0.top, 1, 44, 0, 0, 0, 0, 0, 1, 1, 0, 0, 3, 1, 0, 0, 1, 0, 0, 2, 1, 0, 0, 0, 0, 0, 1, 1, 1, 1, 1, 1, 1, 1, 1, 1, 1
asceosuu-ousaouuaosmenu.2v4.top, 1, 44, 0, 0, 0, 0, 0, 1, 1, 0, 0, 3, 1, 0, 0, 1, 0, 0, 2, 1, 0, 0, 0, 0, 0, 1, 1, 1, 1, 1, 1, 1, 1, 1, 1, 1
asceosuu-ousaouuaosmenu.3333zd.top, 1, 47, 0, 0, 0, 0, 0, 1, 1, 0, 0, 3, 1, 0, 0, 1, 0, 0, 4, 1, 0, 0, 0, 0, 0, 1, 1, 1, 1, 1, 1, 1, 1, 1, 1, 1
asceosuu-ousaouuaosmenu.3b6.top, 1, 44, 0, 0, 0, 0, 0, 1, 1, 0, 0, 3, 1, 0, 0, 1, 0, 0, 2, 1, 0, 0, 0, 0, 0, 1, 1, 1, 1, 1, 1, 1, 1, 1, 1, 1
asceosuu-ousaouuaosmenu.3c8.top, 1, 44, 0, 0, 0, 0, 0, 1, 1, 0, 0, 3, 1, 0, 0, 1, 0, 0, 2, 1, 0, 0, 0, 0, 0, 1, 1, 1, 1, 1, 1, 1, 1, 1, 1, 1
asceosuu-ousaouuaosmenu.4-4-jwangzhan.top, 1, 54, 0, 0, 0, 0, 0, 1, 1, 0, 0, 3, 3, 0, 0, 1, 0, 0, 2, 1, 0, 0, 0, 0, 0, 1, 1, 1, 1, 1, 1, 1, 1, 1, 1, 1
asceosuu-ousaouuaosmenu.4f7.top, 1, 44, 0, 0, 0, 0, 0, 1, 1, 0, 0, 3, 1, 0, 0, 1, 0, 0, 2, 1, 0, 0, 0, 0, 0, 1, 1, 1, 1, 1, 1, 1, 1, 1, 1, 1
asceosuu-ousaouuaosmenu.5jy8wb.top, 1, 47, 0, 0, 0, 0, 0, 1, 1, 0, 0, 3, 1, 0, 0, 1, 0, 0, 2, 1, 0, 0, 0, 0, 0, 1, 1, 1, 1, 1, 1, 1, 1, 1, 1, 1
asceosuu-ousaouuaosmenu.7-6-uwangzhan.top, 1, 54, 0, 0, 0, 0, 0, 1, 1, 0, 0, 3, 3, 0, 0, 1, 0, 0, 2, 1, 0, 0, 0, 0, 0, 1, 1, 1, 1, 1, 1, 1, 1, 1, 1, 1
asceosuu-ousaouuaosmenu.7s4.top, 1, 44, 0, 0, 0, 0, 0, 1, 1, 0, 0, 3, 1, 0, 0, 1, 0, 0, 2, 1, 0, 0, 0, 0, 0, 1, 1, 1, 1, 1, 1, 1, 1, 1, 1, 1
asceosuu-ousaouuaosmenu.e30.top, 1, 44, 0, 0, 0, 0, 0, 1, 1, 0, 0, 3, 1, 0, 0, 1, 0, 0, 2, 1, 0, 0, 0, 0, 0, 1, 1, 1, 1, 1, 1, 1, 1, 1, 1, 1
asceosuu-ousaouuaosmenu.fugeshop.top, 1, 49, 0, 0, 0, 0, 0, 1, 1, 0, 0, 3, 1, 0, 0, 1, 0, 0, 0, 1, 0, 0, 0, 0, 0, 1, 1, 1, 1, 1, 1, 1, 1, 1, 1, 1
asceosuu-ousaouuaosmenu.ggam.top, 1, 45, 0, 0, 0, 0, 0, 1, 1, 0, 0, 3, 1, 0, 0, 1, 0, 0, 0, 1, 0, 0, 0, 0, 0, 1, 1, 1, 1, 1, 1, 1, 1, 1, 1, 1
asceosuu-ousaouuaosmenu.hao35.top, 1, 46, 0, 0, 0, 0, 0, 1, 1, 0, 0, 3, 1, 0, 0, 1, 0, 0, 2, 1, 0, 0, 0, 0, 0, 1, 1, 1, 1, 1, 1, 1, 1, 1, 1, 1
asceosuu-ousaouuaosmenu.huhang88.top, 1, 49, 0, 0, 0, 0, 0, 1, 1, 0, 0, 3, 1, 0, 0, 1, 0, 0, 2, 1, 0, 0, 0, 0, 0, 1, 1, 1, 1, 1, 1, 1, 1, 1, 1, 1
asceosuu-ousaouuaosmenu.krfkw.top, 1, 46, 0, 0, 0, 0, 0, 1, 1, 0, 0, 3, 1, 0, 0, 1, 0, 0, 0, 1, 0, 0, 0, 0, 0, 1, 1, 1, 1, 1, 1, 1, 1, 1, 1, 1
asceosuu-ousaouuaosmenu.lyyxru.top, 1, 47, 0, 0, 0, 0, 0, 1, 1, 0, 0, 3, 1, 0, 0, 1, 0, 0, 0, 1, 0, 0, 0, 0, 1, 1, 1, 1, 1, 1, 1, 1, 1, 1, 1, 1
asceosuu-ousaouuaosmenu.ri5.top, 1, 44, 0, 0, 0, 0, 0, 1, 1, 0, 0, 3, 1, 0, 0, 1, 0, 0, 1, 1, 0, 0, 0, 0, 0, 1, 1, 1, 1, 1, 1, 1, 1, 1, 1, 1
asceosuu-ousaouuaosmenu.ry0.top, 1, 44, 0, 0, 0, 0, 0, 1, 1, 0, 0, 3, 1, 0, 0, 1, 0, 0, 1, 1, 0, 0, 0, 0, 0, 1, 1, 1, 1, 1, 1, 1, 1, 1, 1, 1
asceosuu-ousaouuaosmenu.t06266.top, 1, 47, 0, 0, 0, 0, 0, 1, 1, 0, 0, 3, 1, 0, 0, 1, 0, 0, 5, 1, 0, 0, 0, 0, 0, 1, 1, 1, 1, 1, 1, 1, 1, 1, 1, 1
asceosuu-ousaouuaosmenu.ucw5.top, 1, 45, 0, 0, 0, 0, 0, 1, 1, 0, 0, 3, 1, 0, 0, 1, 0, 0, 1, 1, 0, 0, 0, 0, 0, 1, 1, 1, 1, 1, 1, 1, 1, 1, 1, 1
asceosuu-ousaouuaosmenu.ucw8.top, 1, 45, 0, 0, 0, 0, 0, 1, 1, 0, 0, 3, 1, 0, 0, 1, 0, 0, 1, 1, 0, 0, 0, 0, 0, 1, 1, 1, 1, 1, 1, 1, 1, 1, 1, 1
asceosuu-ousaouuaosmenu.zd99999.top, 1, 48, 0, 0, 0, 0, 0, 1, 1, 0, 0, 3, 1, 0, 0, 1, 0, 0, 5, 1, 0, 0, 0, 0, 0, 1, 1, 1, 1, 1, 1, 1, 1, 1, 1, 1
asceosuu-ousaouuaosmenu.zh556.top, 1, 46, 0, 0, 0, 0, 0, 1, 1, 0, 0, 3, 1, 0, 0, 1, 0, 0, 3, 1, 0, 0, 0, 0, 0, 1, 1, 1, 1, 1, 1, 1, 1, 1, 1, 1
asceosuu-ousaouuaosmenu.zh9922.top, 1, 47, 0, 0, 0, 0, 0, 1, 1, 0, 0, 3, 1, 0, 0, 1, 0, 0, 4, 1, 0, 0, 0, 0, 0, 1, 1, 1, 1, 1, 1, 1, 1, 1, 1, 1
asceosuu-samaoseisouu.01cw.top, 1, 43, 0, 0, 0, 0, 0, 1, 1, 0, 0, 3, 1, 0, 0, 1, 0, 0, 2, 1, 0, 0, 0, 0, 0, 1, 1, 1, 1, 1, 1, 1, 1, 1, 1, 1
hingehealths.com, 1, 23, 0, 0, 0, 1, 0, 0, 1, 0, 0, 1, 0, 0, 0, 1, 0, 0, 0, 0, 0, 0, 0, 0, 0, 0, 1, 1, 1, 1, 1, 0, 0, 0, 0, 1
asceosuu-samaoseisouu.0s4.top, 1, 42, 0, 0, 0, 0, 0, 1, 1, 0, 0, 3, 1, 0, 0, 1, 0, 0, 2, 1, 0, 0, 0, 0, 0, 1, 1, 1, 1, 1, 1, 1, 1, 1, 1, 1
asceosuu-samaoseisouu.0u6.top, 1, 42, 0, 0, 0, 0, 0, 1, 1, 0, 0, 3, 1, 0, 0, 1, 0, 0, 2, 1, 0, 0, 0, 0, 0, 1, 1, 1, 1, 1, 1, 1, 1, 1, 1, 1
asceosuu-samaoseisouu.zh5566.top, 1, 45, 0, 0, 0, 0, 0, 1, 1, 0, 0, 3, 1, 0, 0, 1, 0, 0, 4, 1, 0, 0, 0, 0, 0, 1, 1, 1, 1, 1, 1, 1, 1, 1, 1, 1
app.airtm.us.com, 1, 30, 1, 0, 0, 0, 0, 1, 1, 0, 0, 3, 0, 0, 0, 1, 0, 0, 0, 6, 0, 1, 0, 0, 0, 0, 1, 1, 1, 1, 1, 1, 1, 1, 1, 1
aosue-asoemsoen.wzkkoni.cn, 1, 39, 0, 0, 0, 0, 0, 1, 1, 0, 0, 3, 1, 0, 0, 1, 0, 0, 0, 1, 0, 0, 0, 0, 0, 1, 1, 1, 1, 1, 1, 1, 1, 1, 1, 1
aosue-asoemsoen.xazltyd.cn, 1, 39, 0, 0, 0, 0, 0, 1, 1, 0, 0, 3, 1, 0, 0, 1, 0, 0, 0, 1, 0, 0, 0, 0, 0, 1, 1, 1, 1, 1, 1, 1, 1, 1, 1, 1
aupayone.wzkkoni.cn, 1, 28, 0, 0, 0, 0, 0, 1, 1, 0, 0, 2, 0, 0, 0, 1, 0, 0, 0, 1, 0, 0, 0, 0, 0, 0, 1, 1, 1, 1, 1, 1, 1, 1, 1, 1
netstation2.aplus.co.jp.mdisads.jp, 1, 55, 2, 0, 0, 0, 0, 1, 1, 0, 0, 6, 0, 0, 0, 1, 0, 0, 1, 13, 0, 1, 0, 0, 0, 0, 1, 1, 1, 1, 1, 1, 1, 1, 1, 1
visa.co.jp.nska25.xyz, 1, 52, 1, 0, 0, 0, 0, 1, 1, 0, 0, 5, 0, 0, 0, 2, 1, 0, 2, 13, 9, 0, 0, 0, 0, 0, 1, 1, 1, 1, 1, 1, 1, 1, 1, 1
zerionio.com, 1, 21, 0, 0, 0, 0, 0, 0, 1, 0, 0, 1, 0, 0, 0, 1, 0, 0, 0, 1, 0, 0, 0, 0, 0, 0, 1, 1, 1, 1, 1, 1, 1, 1, 1, 1
mpsienabloccoacquistoonline.com, 1, 40, 0, 0, 0, 0, 0, 0, 1, 0, 0, 1, 0, 0, 0, 1, 0, 0, 0, 1, 0, 0, 0, 0, 0, 0, 1, 1, 1, 1, 1, 1, 1, 1, 1, 1
secure.oldschool-rsforums.club, 1, 92, 2, 0, 0, 0, 0, 1, 1, 0, 0, 4, 1, 0, 0, 1, 0, 0, 18, 48, 5, 2, 0, 0, 0, 1, 1, 1, 1, 1, 1, 1, 1, 1, 1, 1
chrissommersphoto.com, 1, 51, 1, 0, 0, 1, 0, 0, 1, 0, 0, 1, 0, 0, 0, 1, 0, 0, 3, 5, 17, 0, 0, 0, 0, 0, 1, 1, 1, 1, 1, 0, 0, 0, 0, 1
carouselusa.com, 1, 45, 1, 0, 0, 1, 0, 0, 1, 0, 0, 1, 0, 0, 0, 1, 0, 0, 11, 5, 17, 0, 0, 0, 0, 0, 1, 1, 1, 1, 1, 0, 0, 0, 0, 1
guagua-linda.com, 1, 47, 1, 0, 0, 1, 0, 0, 1, 0, 0, 1, 1, 0, 0, 1, 0, 0, 5, 5, 18, 0, 0, 0, 0, 1, 1, 1, 1, 1, 1, 1, 1, 1, 1, 1
walletconnetapp.com, 1, 39, 1, 0, 0, 0, 0, 0, 1, 0, 0, 2, 0, 0, 0, 1, 0, 0, 0, 12, 0, 0, 0, 0, 0, 0, 1, 1, 1, 1, 1, 1, 1, 1, 1, 1
5zym7-5aaaa-aaaad-qb62a-cai.ic.fleek.co, 1, 48, 0, 0, 0, 0, 0, 1, 1, 0, 0, 3, 4, 0, 0, 1, 0, 0, 5, 1, 0, 0, 0, 0, 0, 1, 1, 1, 1, 1, 1, 0, 0, 0, 0, 1
docs.google.com, 1, 99, 5, 0, 0, 0, 0, 1, 1, 0, 0, 2, 0, 1, 0, 1, 0, 0, 9, 76, 0, 0, 0, 0, 0, 0, 1, 1, 1, 1, 1, 0, 0, 0, 0, 1
auspost1.wpengine.com, 1, 36, 2, 0, 0, 0, 0, 1, 1, 0, 0, 2, 0, 0, 0, 1, 0, 0, 1, 7, 0, 0, 0, 0, 0, 0, 1, 1, 1, 1, 1, 0, 0, 0, 0, 1
global-fintech-network.com, 1, 49, 2, 0, 0, 0, 0, 0, 1, 0, 0, 1, 2, 0, 0, 1, 0, 0, 3, 15, 0, 0, 0, 0, 0, 1, 1, 1, 1, 1, 1, 0, 0, 0, 0, 1
pemblokiranfacebook22.weebly.com, 1, 41, 0, 0, 0, 0, 0, 1, 1, 0, 0, 2, 0, 0, 0, 1, 0, 0, 2, 1, 0, 0, 0, 0, 0, 0, 1, 1, 1, 1, 1, 0, 0, 0, 0, 1
pemblokiranfacebook22.weebly.com, 1, 40, 0, 0, 0, 1, 0, 1, 1, 0, 0, 2, 0, 0, 0, 1, 0, 0, 2, 1, 0, 0, 0, 0, 0, 0, 1, 1, 1, 1, 1, 0, 0, 0, 0, 1
pemblokiranfacebook34.weebly.com, 1, 41, 0, 0, 0, 0, 0, 1, 1, 0, 0, 2, 0, 0, 0, 1, 0, 0, 2, 1, 0, 0, 0, 0, 0, 0, 1, 1, 1, 1, 1, 0, 0, 0, 0, 1
pemblokiranfacebook34.weebly.com, 1, 40, 0, 0, 0, 1, 0, 1, 1, 0, 0, 2, 0, 0, 0, 1, 0, 0, 2, 1, 0, 0, 0, 0, 0, 0, 1, 1, 1, 1, 1, 0, 0, 0, 0, 1
pemblokiranfacebook21.weebly.com, 1, 41, 0, 0, 0, 0, 0, 1, 1, 0, 0, 2, 0, 0, 0, 1, 0, 0, 2, 1, 0, 0, 0, 0, 0, 0, 1, 1, 1, 1, 1, 0, 0, 0, 0, 1
verifikasi-pengamanan-akun.weebly.com, 1, 46, 0, 0, 0, 0, 0, 1, 1, 0, 0, 2, 2, 0, 0, 1, 0, 0, 0, 1, 0, 0, 0, 0, 0, 1, 1, 1, 1, 1, 1, 0, 0, 0, 0, 1
dfkfkfduujdyfh.weebly.com, 1, 34, 0, 0, 0, 0, 0, 1, 1, 0, 0, 2, 0, 0, 0, 1, 0, 0, 0, 1, 0, 0, 0, 0, 0, 0, 1, 1, 1, 1, 1, 0, 0, 0, 0, 1
acu.education, 1, 54, 3, 0, 0, 1, 0, 0, 1, 0, 0, 2, 0, 0, 0, 1, 0, 0, 0, 34, 0, 1, 0, 0, 0, 0, 1, 1, 1, 1, 1, 0, 0, 0, 0, 1
outlookdocument.weebly.com, 1, 35, 0, 0, 0, 0, 0, 1, 1, 0, 0, 2, 0, 0, 0, 1, 0, 0, 0, 1, 0, 0, 0, 0, 0, 0, 1, 1, 1, 1, 1, 0, 0, 0, 0, 1
mikhguiko.weebly.com, 1, 29, 0, 0, 0, 0, 0, 1, 1, 0, 0, 2, 0, 0, 0, 1, 0, 0, 0, 1, 0, 0, 0, 0, 0, 0, 1, 1, 1, 1, 1, 0, 0, 0, 0, 1
skymail11.weebly.com, 1, 29, 0, 0, 0, 0, 0, 1, 1, 0, 0, 2, 0, 0, 0, 1, 0, 0, 2, 1, 0, 0, 0, 0, 0, 0, 1, 1, 1, 1, 1, 0, 0, 0, 0, 1
opensea-decentralizedwallet.com, 1, 40, 0, 0, 0, 0, 0, 0, 1, 0, 0, 1, 1, 0, 0, 1, 0, 0, 0, 1, 0, 0, 0, 0, 1, 1, 1, 1, 1, 1, 1, 0, 0, 0, 0, 1
and1messagesreview3.web.app, 1, 36, 0, 0, 0, 0, 0, 1, 1, 0, 0, 2, 0, 0, 0, 1, 0, 0, 2, 1, 0, 0, 0, 0, 0, 0, 1, 1, 1, 1, 1, 0, 0, 0, 0, 1
azool-a7f1a.web.app, 1, 28, 0, 0, 0, 0, 0, 1, 1, 0, 0, 2, 1, 0, 0, 1, 0, 0, 2, 1, 0, 0, 0, 0, 0, 1, 1, 1, 1, 1, 1, 0, 0, 0, 0, 1
xanhmedia.com.vn, 1, 50, 4, 0, 0, 0, 0, 0, 1, 0, 0, 3, 0, 0, 0, 1, 0, 0, 0, 26, 0, 0, 0, 0, 0, 0, 1, 1, 1, 1, 1, 1, 1, 1, 1, 1
cimeronline.web.app, 1, 32, 1, 0, 0, 0, 0, 1, 1, 0, 0, 2, 0, 0, 0, 1, 0, 0, 0, 5, 0, 0, 0, 0, 0, 0, 1, 1, 1, 1, 1, 0, 0, 0, 0, 1
cimeronline.firebaseapp.com, 1, 40, 1, 0, 0, 0, 0, 1, 1, 0, 0, 2, 0, 0, 0, 1, 0, 0, 0, 5, 0, 0, 0, 0, 0, 0, 1, 1, 1, 1, 1, 0, 0, 0, 0, 1
cimeronlineiadesistemi.web.app, 1, 43, 1, 0, 0, 0, 0, 1, 1, 0, 0, 2, 0, 0, 0, 1, 0, 0, 0, 5, 0, 0, 0, 0, 0, 0, 1, 1, 1, 1, 1, 0, 0, 0, 0, 1
cimeronlineiadesistemi.firebaseapp.com, 1, 51, 1, 0, 0, 0, 0, 1, 1, 0, 0, 2, 0, 0, 0, 1, 0, 0, 0, 5, 0, 0, 0, 0, 0, 0, 1, 1, 1, 1, 1, 0, 0, 0, 0, 1
digodo-ea870.web.app, 1, 29, 0, 0, 0, 0, 0, 1, 1, 0, 0, 2, 1, 0, 0, 1, 0, 0, 3, 1, 0, 0, 0, 0, 0, 1, 1, 1, 1, 1, 1, 0, 0, 0, 0, 1
chatpalestine.me, 1, 35, 2, 0, 0, 0, 0, 0, 1, 0, 0, 1, 0, 0, 0, 1, 0, 0, 0, 11, 0, 0, 0, 0, 0, 0, 1, 1, 1, 1, 1, 0, 0, 0, 0, 1
documet3673uyhs0s0-sis.web.app, 1, 39, 0, 0, 0, 0, 0, 1, 1, 0, 0, 2, 1, 0, 0, 1, 0, 0, 6, 1, 0, 0, 0, 0, 0, 1, 1, 1, 1, 1, 1, 0, 0, 0, 0, 1
documet3673uyhs0s0-sis.firebaseapp.com, 1, 47, 0, 0, 0, 0, 0, 1, 1, 0, 0, 2, 1, 0, 0, 1, 0, 0, 6, 1, 0, 0, 0, 0, 0, 1, 1, 1, 1, 1, 1, 0, 0, 0, 0, 1
folder783ui3iu9s-0sshjs.firebaseapp.com, 1, 48, 0, 0, 0, 0, 0, 1, 1, 0, 0, 2, 1, 0, 0, 1, 0, 0, 6, 1, 0, 0, 0, 0, 0, 1, 1, 1, 1, 1, 1, 0, 0, 0, 0, 1
folder788hj-a89siu3jks-s9is.firebaseapp.com, 1, 52, 0, 0, 0, 0, 0, 1, 1, 0, 0, 2, 2, 0, 0, 1, 0, 0, 7, 1, 0, 0, 0, 0, 0, 1, 1, 1, 1, 1, 1, 0, 0, 0, 0, 1
driverha.com, 1, 43, 4, 0, 0, 0, 0, 0, 1, 0, 0, 2, 0, 0, 0, 1, 0, 0, 1, 23, 0, 0, 0, 0, 0, 0, 1, 1, 1, 1, 1, 1, 1, 1, 1, 1
folder37873h388s00-s8suis.firebaseapp.com, 1, 50, 0, 0, 0, 0, 0, 1, 1, 0, 0, 2, 1, 0, 0, 1, 0, 0, 11, 1, 0, 0, 0, 0, 0, 1, 1, 1, 1, 1, 1, 0, 0, 0, 0, 1
folder783878898s-0s87uyhj33.web.app, 1, 44, 0, 0, 0, 0, 0, 1, 1, 0, 0, 2, 1, 0, 0, 1, 0, 0, 14, 1, 0, 0, 0, 0, 0, 1, 1, 1, 1, 1, 1, 0, 0, 0, 0, 1
folder783878898s-0s87uyhj33.firebaseapp.com, 1, 52, 0, 0, 0, 0, 0, 1, 1, 0, 0, 2, 1, 0, 0, 1, 0, 0, 14, 1, 0, 0, 0, 0, 0, 1, 1, 1, 1, 1, 1, 0, 0, 0, 0, 1
ikeri-7d929.web.app, 1, 28, 0, 0, 0, 0, 0, 1, 1, 0, 0, 2, 1, 0, 0, 1, 0, 0, 4, 1, 0, 0, 0, 0, 0, 1, 1, 1, 1, 1, 1, 0, 0, 0, 0, 1
ibraibraa170.42web.io, 1, 75, 1, 0, 0, 1, 0, 1, 1, 0, 0, 3, 0, 3, 0, 2, 1, 0, 5, 14, 32, 0, 0, 0, 0, 0, 1, 1, 1, 1, 1, 0, 0, 0, 0, 1
labanque-postale-9fb4b.firebaseapp.com, 1, 47, 0, 0, 0, 0, 0, 1, 1, 0, 0, 2, 2, 0, 0, 1, 0, 0, 2, 1, 0, 0, 0, 0, 0, 1, 1, 1, 1, 1, 1, 0, 0, 0, 0, 1
ibraibraa170.42web.io, 1, 42, 1, 0, 0, 1, 0, 1, 1, 0, 0, 3, 0, 1, 0, 1, 0, 0, 5, 14, 0, 0, 0, 0, 0, 0, 1, 1, 1, 1, 1, 0, 0, 0, 0, 1
owamessages-reviews-center.firebaseapp.com, 1, 51, 0, 0, 0, 0, 0, 1, 1, 0, 0, 2, 2, 0, 0, 1, 0, 0, 0, 1, 0, 0, 0, 0, 0, 1, 1, 1, 1, 1, 1, 0, 0, 0, 0, 1
tb-recycle-verfahren-2788a.web.app, 1, 43, 0, 0, 0, 0, 0, 1, 1, 0, 0, 2, 3, 0, 0, 1, 0, 0, 4, 1, 0, 0, 0, 0, 0, 1, 1, 1, 1, 1, 1, 0, 0, 0, 0, 1
tb-recycle-verfahren-2788a.firebaseapp.com, 1, 51, 0, 0, 0, 0, 0, 1, 1, 0, 0, 2, 3, 0, 0, 1, 0, 0, 4, 1, 0, 0, 0, 0, 0, 1, 1, 1, 1, 1, 1, 0, 0, 0, 0, 1
tdsecurities.web.app, 1, 31, 0, 0, 0, 0, 0, 1, 1, 0, 0, 2, 0, 0, 0, 1, 0, 1, 0, 1, 0, 0, 0, 0, 0, 0, 1, 1, 1, 1, 1, 0, 0, 0, 0, 1
tdsecurities.firebaseapp.com, 1, 39, 0, 0, 0, 0, 0, 1, 1, 0, 0, 2, 0, 0, 0, 1, 0, 1, 0, 1, 0, 0, 0, 0, 0, 0, 1, 1, 1, 1, 1, 1, 1, 1, 1, 1
voowo-8e08c.firebaseapp.com, 1, 36, 0, 0, 0, 0, 0, 1, 1, 0, 0, 2, 1, 0, 0, 1, 0, 0, 3, 1, 0, 0, 0, 0, 0, 1, 1, 1, 1, 1, 1, 0, 0, 0, 0, 1
nuppl.co.in, 1, 56, 3, 0, 0, 1, 0, 0, 1, 0, 0, 3, 0, 0, 0, 1, 0, 0, 3, 38, 0, 0, 0, 0, 0, 0, 1, 1, 1, 1, 1, 0, 0, 0, 0, 1
shrill.nxazenom.workers.dev, 1, 36, 0, 0, 0, 0, 0, 1, 1, 0, 0, 3, 0, 0, 0, 1, 0, 0, 0, 1, 0, 0, 0, 0, 0, 0, 1, 1, 1, 1, 1, 0, 0, 0, 0, 1
mastuling.co.vu, 1, 31, 1, 0, 0, 1, 0, 1, 1, 0, 0, 3, 0, 0, 0, 1, 0, 0, 0, 9, 0, 0, 0, 0, 0, 0, 1, 1, 1, 1, 1, 1, 1, 1, 1, 1
raspy-king-4ed0.settingspaqesapp.workers.dev, 1, 53, 0, 0, 0, 0, 0, 1, 1, 0, 0, 3, 2, 0, 0, 1, 0, 0, 2, 1, 0, 0, 0, 0, 0, 1, 1, 1, 1, 1, 1, 0, 0, 0, 0, 1
connecthub.run, 1, 44, 3, 0, 0, 0, 0, 0, 1, 0, 0, 2, 0, 0, 0, 1, 0, 0, 1, 22, 0, 0, 0, 0, 0, 0, 1, 1, 1, 1, 1, 1, 1, 1, 1, 1
aaaa-9qg.pages.dev, 1, 27, 0, 0, 0, 0, 0, 1, 1, 0, 0, 2, 1, 0, 0, 1, 0, 0, 1, 1, 0, 0, 0, 0, 0, 1, 1, 1, 1, 1, 1, 0, 0, 0, 0, 1
wallet-bridges.com, 1, 26, 0, 0, 0, 1, 0, 0, 1, 0, 0, 1, 1, 0, 0, 1, 0, 0, 0, 1, 0, 0, 0, 0, 0, 1, 1, 1, 1, 1, 1, 1, 1, 1, 1, 1
usps-customer-support.lucky7bet.com, 1, 61, 1, 0, 0, 0, 0, 1, 1, 0, 0, 3, 2, 0, 0, 1, 0, 0, 1, 14, 0, 0, 0, 0, 1, 1, 1, 1, 1, 1, 1, 1, 1, 1, 1, 1
